B,D,t,delta,policy,n,mode,iter,gpu_ms,cpu_model_ms,wall_ms,iter_ms,tokens_done
25,8,131072,2048,layered,2048/2048/2048,graph,0,24.0467,15.3886,24.1188,24.0467,
25,8,131072,2048,layered,2048/2048/2048,graph,1,22.8481,15.6314,22.8996,22.8481,
25,8,131072,2048,layered,2048/2048/2048,graph,2,24.1473,15.6632,24.1965,24.1473,
25,8,131072,2048,layered,2048/2048/2048,graph,3,21.3764,16.6979,21.4213,21.3764,
25,8,131072,2048,layered,2048/2048/2048,graph,4,23.3944,16.7297,23.4393,23.3944,
25,8,131072,2048,layered,2048/2048/2048,graph,5,23.4278,14.5648,23.4733,23.4278,
25,8,131072,2048,layered,2048/2048/2048,graph,6,24.0185,16.2124,24.0641,24.0185,
25,8,131072,2048,layered,2048/2048/2048,graph,7,23.8753,15.3568,23.9184,23.8753,
25,8,131072,2048,layered,2048/2048/2048,graph,8,23.9948,15.6632,24.0398,23.9948,
25,8,131072,2048,layered,2048/2048/2048,graph,9,23.4980,14.5648,23.5429,23.4980,
25,8,131072,2048,layered,2048/2048/2048,graph,10,23.8446,15.9378,23.8902,23.8446,
25,8,131072,2048,layered,2048/2048/2048,graph,11,20.6004,16.4233,20.6455,20.6004,
25,8,131072,2048,layered,2048/2048/2048,graph,12,23.4901,16.2124,23.5358,23.4901,
25,8,131072,2048,layered,2048/2048/2048,graph,13,23.8668,14.5648,23.9120,23.8668,
25,8,131072,2048,layered,2048/2048/2048,graph,14,23.4903,15.6632,23.5353,23.4903,
25,8,131072,2048,layered,2048/2048/2048,graph,15,24.0147,15.3568,24.0620,24.0147,
25,8,131072,2048,layered,2048/2048/2048,graph,16,23.9959,16.2124,24.0415,23.9959,
25,8,131072,2048,layered,2048/2048/2048,graph,17,23.3503,14.5648,23.3961,23.3503,
25,8,131072,2048,layered,2048/2048/2048,graph,18,23.5499,15.6632,23.5949,23.5499,
25,8,131072,2048,layered,2048/2048/2048,graph,19,21.8534,16.1487,21.8971,21.8534,
25,8,131072,2048,layered,2048/2048/2048,graph,20,23.8238,15.9378,23.8737,23.8238,
25,8,131072,2048,layered,2048/2048/2048,graph,21,23.6767,14.8394,23.7279,23.6767,
25,8,131072,2048,layered,2048/2048/2048,graph,22,23.4482,15.3886,23.5054,23.4482,
25,8,131072,2048,layered,2048/2048/2048,graph,23,23.0721,15.9059,23.1248,23.0721,
25,8,131072,2048,layered,2048/2048/2048,graph,24,23.6237,16.7297,23.6710,23.6237,
25,8,131072,2048,layered,2048/2048/2048,graph,25,23.8861,15.1140,23.9340,23.8861,
25,8,131072,2048,layered,2048/2048/2048,graph,26,23.3344,16.1805,23.3797,23.3344,
25,8,131072,2048,layered,2048/2048/2048,graph,27,23.5551,16.7297,23.5996,23.5551,
25,8,131072,2048,layered,2048/2048/2048,graph,28,23.6510,15.1140,23.7014,23.6510,
25,8,131072,2048,layered,2048/2048/2048,graph,29,23.8068,15.3886,23.8520,23.8068,
25,8,131072,2048,layered,2048/2048/2048,graph,30,23.5007,15.3886,23.5469,23.5007,
25,8,131072,2048,layered,2048/2048/2048,graph,31,23.8172,15.3568,23.8616,23.8172,
25,8,131072,2048,layered,2048/2048/2048,graph,32,23.8364,16.2124,23.8816,23.8364,
25,8,131072,2048,layered,2048/2048/2048,graph,33,23.9564,15.1140,24.0080,23.9564,
25,8,131072,2048,layered,2048/2048/2048,graph,34,23.2924,16.1805,23.3408,23.2924,
25,8,131072,2048,layered,2048/2048/2048,graph,35,23.4376,16.1805,23.4855,23.4376,
25,8,131072,2048,layered,2048/2048/2048,graph,36,23.6414,15.3886,23.6884,23.6414,
25,8,131072,2048,layered,2048/2048/2048,graph,37,23.2598,16.1805,23.3042,23.2598,
25,8,131072,2048,layered,2048/2048/2048,graph,38,23.8588,15.6632,23.9157,23.8588,
25,8,131072,2048,layered,2048/2048/2048,graph,39,23.8966,15.1140,23.9460,23.8966,
25,8,131072,2048,layered,2048/2048/2048,graph,40,23.0974,16.4551,23.1438,23.0974,
25,8,131072,2048,layered,2048/2048/2048,graph,41,23.8216,15.1140,23.8678,23.8216,
25,8,131072,2048,layered,2048/2048/2048,graph,42,24.2152,15.3886,24.2571,24.2152,
25,8,131072,2048,layered,2048/2048/2048,graph,43,23.9523,15.3886,24.0015,23.9523,
25,8,131072,2048,layered,2048/2048/2048,graph,44,23.8866,15.6632,23.9417,23.8866,
25,8,131072,2048,layered,2048/2048/2048,graph,45,23.7392,16.1805,23.8245,23.7392,
25,8,131072,2048,layered,2048/2048/2048,graph,46,24.0316,15.3886,24.0778,24.0316,
25,8,131072,2048,layered,2048/2048/2048,graph,47,23.4947,15.3886,23.5412,23.4947,
25,8,131072,2048,layered,2048/2048/2048,graph,48,23.3791,16.1805,23.4227,23.3791,
25,8,131072,2048,layered,2048/2048/2048,graph,49,22.9954,15.3886,23.0423,22.9954,
25,8,131072,2048,layered,2048/2048/2048,graph,50,23.9113,15.1140,23.9578,23.9113,
25,8,131072,2048,layered,2048/2048/2048,graph,51,23.2983,16.1805,23.3408,23.2983,
25,8,131072,2048,layered,2048/2048/2048,graph,52,23.4471,16.1805,23.4923,23.4471,
25,8,131072,2048,layered,2048/2048/2048,graph,53,24.1014,15.9378,24.1446,24.1014,
25,8,131072,2048,layered,2048/2048/2048,graph,54,23.6913,15.9059,23.7344,23.6913,
25,8,131072,2048,layered,2048/2048/2048,graph,55,23.6129,15.3886,23.6574,23.6129,
25,8,131072,2048,layered,2048/2048/2048,graph,56,23.9610,15.1140,24.0068,23.9610,
25,8,131072,2048,layered,2048/2048/2048,graph,57,23.7234,15.3886,23.7679,23.7234,
25,8,131072,2048,layered,2048/2048/2048,graph,58,23.5430,15.1140,23.5876,23.5430,
25,8,131072,2048,layered,2048/2048/2048,graph,59,23.9014,15.3886,23.9452,23.9014,
25,8,131072,2048,layered,2048/2048/2048,graph,60,23.5971,14.8394,23.6414,23.5971,
25,8,131072,2048,layered,2048/2048/2048,graph,61,23.9931,15.6632,24.0373,23.9931,
25,8,131072,2048,layered,2048/2048/2048,graph,62,22.6988,15.6314,22.7422,22.6988,
25,8,131072,2048,layered,2048/2048/2048,graph,63,22.9631,16.7297,23.0086,22.9631,
25,8,131072,2048,layered,2048/2048/2048,graph,64,23.4515,15.9059,23.4948,23.4515,
25,8,131072,2048,layered,2048/2048/2048,graph,65,23.5230,15.9378,23.5668,23.5230,
25,8,131072,2048,layered,2048/2048/2048,graph,66,23.4480,15.3568,23.4906,23.4480,
25,8,131072,2048,layered,2048/2048/2048,graph,67,23.5430,16.2124,23.5876,23.5430,
25,8,131072,2048,layered,2048/2048/2048,graph,68,23.9608,14.8394,24.0051,23.9608,
25,8,131072,2048,layered,2048/2048/2048,graph,69,23.5093,15.6632,23.5576,23.5093,
25,8,131072,2048,layered,2048/2048/2048,graph,70,20.4858,15.5995,20.5280,20.4858,
25,8,131072,2048,layered,2048/2048/2048,graph,71,23.9017,16.2124,23.9466,23.9017,
25,8,131072,2048,layered,2048/2048/2048,graph,72,23.2713,15.0822,23.3136,23.2713,
25,8,131072,2048,layered,2048/2048/2048,graph,73,23.9811,16.2124,24.0263,23.9811,
25,8,131072,2048,layered,2048/2048/2048,graph,74,23.4563,15.3568,23.4992,23.4563,
25,8,131072,2048,layered,2048/2048/2048,graph,75,23.7277,16.4869,23.7786,23.7277,
25,8,131072,2048,layered,2048/2048/2048,graph,76,24.0373,14.8394,24.0839,24.0373,
25,8,131072,2048,layered,2048/2048/2048,graph,77,23.4285,15.9378,23.4767,23.4285,
25,8,131072,2048,layered,2048/2048/2048,graph,78,21.3437,15.5995,21.3939,21.3437,
25,8,131072,2048,layered,2048/2048/2048,graph,79,23.6129,16.2124,23.6657,23.6129,
25,8,131072,2048,layered,2048/2048/2048,graph,80,23.2910,15.3568,23.3381,23.2910,
25,8,131072,2048,layered,2048/2048/2048,graph,81,23.6386,16.2124,23.6944,23.6386,
25,8,131072,2048,layered,2048/2048/2048,graph,82,23.9710,15.3568,24.0265,23.9710,
25,8,131072,2048,layered,2048/2048/2048,graph,83,23.0956,15.6632,23.1428,23.0956,
25,8,131072,2048,layered,2048/2048/2048,graph,84,23.4784,14.5648,23.5267,23.4784,
25,8,131072,2048,layered,2048/2048/2048,graph,85,23.4124,15.6632,23.4593,23.4124,
25,8,131072,2048,layered,2048/2048/2048,graph,86,23.6772,16.4551,23.7197,23.6772,
25,8,131072,2048,layered,2048/2048/2048,graph,87,23.5593,16.4551,23.6018,23.5593,
25,8,131072,2048,layered,2048/2048/2048,graph,88,23.9719,15.1140,24.0173,23.9719,
25,8,131072,2048,layered,2048/2048/2048,graph,89,23.1570,16.4551,23.2020,23.1570,
25,8,131072,2048,layered,2048/2048/2048,graph,90,23.6486,15.3886,23.6936,23.6486,
25,8,131072,2048,layered,2048/2048/2048,graph,91,23.9106,15.1140,23.9551,23.9106,
25,8,131072,2048,layered,2048/2048/2048,graph,92,23.6283,15.3886,23.6732,23.6283,
25,8,131072,2048,layered,2048/2048/2048,graph,93,23.9949,15.3886,24.0439,23.9949,
25,8,131072,2048,layered,2048/2048/2048,graph,94,23.3715,16.1805,23.4274,23.3715,
25,8,131072,2048,layered,2048/2048/2048,graph,95,23.8643,16.7297,23.9140,23.8643,
25,8,131072,2048,layered,2048/2048/2048,graph,96,23.4021,15.1140,23.4514,23.4021,
25,8,131072,2048,layered,2048/2048/2048,graph,97,23.5295,16.4551,23.5746,23.5295,
25,8,131072,2048,layered,2048/2048/2048,graph,98,23.6209,15.3886,23.6674,23.6209,
25,8,131072,2048,layered,2048/2048/2048,graph,99,23.9800,15.1140,24.0267,23.9800,
25,8,131072,2048,layered,2048/2048/2048,graph,100,23.9844,15.6632,24.0315,23.9844,
25,8,131072,2048,layered,2048/2048/2048,graph,101,23.6720,14.8394,23.7220,23.6720,
25,8,131072,2048,layered,2048/2048/2048,graph,102,23.2871,16.4551,23.3311,23.2871,
25,8,131072,2048,layered,2048/2048/2048,graph,103,23.8983,16.1805,23.9425,23.8983,
25,8,131072,2048,layered,2048/2048/2048,graph,104,23.6789,15.3886,23.7236,23.6789,
25,8,131072,2048,layered,2048/2048/2048,graph,105,23.9268,16.1805,23.9745,23.9268,
25,8,131072,2048,layered,2048/2048/2048,graph,106,22.9504,15.1140,23.0219,22.9504,
25,8,131072,2048,layered,2048/2048/2048,graph,107,23.9884,16.1805,24.0333,23.9884,
25,8,131072,2048,layered,2048/2048/2048,graph,108,23.8444,15.6632,23.8965,23.8444,
25,8,131072,2048,layered,2048/2048/2048,graph,109,23.4965,15.1140,23.5435,23.4965,
25,8,131072,2048,layered,2048/2048/2048,graph,110,23.8638,16.1805,23.9087,23.8638,
25,8,131072,2048,layered,2048/2048/2048,graph,111,24.0066,16.7297,24.0501,24.0066,
25,8,131072,2048,layered,2048/2048/2048,graph,112,23.4418,15.6632,23.5028,23.4418,
25,8,131072,2048,layered,2048/2048/2048,graph,113,23.8750,15.0822,23.9215,23.8750,
25,8,131072,2048,layered,2048/2048/2048,graph,114,23.8867,16.4869,23.9360,23.8867,
25,8,131072,2048,layered,2048/2048/2048,graph,115,23.5602,14.8076,23.6065,23.5602,
25,8,131072,2048,layered,2048/2048/2048,graph,116,23.5597,16.4869,23.6060,23.5597,
25,8,131072,2048,layered,2048/2048/2048,graph,117,23.6742,14.0156,23.7193,23.6742,
25,8,131072,2048,layered,2048/2048/2048,graph,118,23.2500,16.2124,23.2948,23.2500,
25,8,131072,2048,layered,2048/2048/2048,graph,119,23.3674,15.3568,23.4103,23.3674,
25,8,131072,2048,layered,2048/2048/2048,graph,120,23.8375,15.9378,23.8814,23.8375,
25,8,131072,2048,layered,2048/2048/2048,graph,121,23.5380,15.9059,23.5824,23.5380,
25,8,131072,2048,layered,2048/2048/2048,graph,122,23.9726,15.6632,24.0167,23.9726,
25,8,131072,2048,layered,2048/2048/2048,graph,123,23.4997,16.4551,23.5452,23.4997,
25,8,131072,2048,layered,2048/2048/2048,graph,124,23.2996,16.1805,23.3433,23.2996,
25,8,131072,2048,layered,2048/2048/2048,graph,125,23.9022,15.1140,23.9487,23.9022,
25,8,131072,2048,layered,2048/2048/2048,graph,126,23.7558,15.3886,23.7986,23.7558,
25,8,131072,2048,layered,2048/2048/2048,graph,127,22.9710,16.1805,23.0151,22.9710,
25,8,131072,2048,layered,2048/2048/2048,graph,128,23.6920,15.3886,23.7387,23.6920,
25,8,131072,2048,layered,2048/2048/2048,graph,129,23.2364,15.9059,23.2854,23.2364,
25,8,131072,2048,layered,2048/2048/2048,graph,130,24.0448,15.6632,24.0938,24.0448,
25,8,131072,2048,layered,2048/2048/2048,graph,131,23.1325,15.9059,23.1786,23.1325,
25,8,131072,2048,layered,2048/2048/2048,graph,132,23.7629,15.9378,23.8094,23.7629,
25,8,131072,2048,layered,2048/2048/2048,graph,133,24.0163,14.8394,24.0658,24.0163,
25,8,131072,2048,layered,2048/2048/2048,graph,134,23.5017,15.6632,23.5487,23.5017,
25,8,131072,2048,layered,2048/2048/2048,graph,135,23.4129,15.3568,23.4573,23.4129,
25,8,131072,2048,layered,2048/2048/2048,graph,136,23.8176,16.4869,23.8638,23.8176,
25,8,131072,2048,layered,2048/2048/2048,graph,137,23.4628,15.3568,23.5068,23.4628,
25,8,131072,2048,layered,2048/2048/2048,graph,138,23.2051,15.9378,23.2508,23.2051,
25,8,131072,2048,layered,2048/2048/2048,graph,139,23.5027,15.3568,23.5447,23.5027,
25,8,131072,2048,layered,2048/2048/2048,graph,140,23.9102,16.2124,23.9552,23.9102,
25,8,131072,2048,layered,2048/2048/2048,graph,141,23.2469,15.6314,23.2906,23.2469,
25,8,131072,2048,layered,2048/2048/2048,graph,142,23.8742,15.6632,23.9228,23.8742,
25,8,131072,2048,layered,2048/2048/2048,graph,143,23.4066,14.5648,23.4537,23.4066,
25,8,131072,2048,layered,2048/2048/2048,graph,144,23.9062,16.2124,23.9518,23.9062,
25,8,131072,2048,layered,2048/2048/2048,graph,145,23.3542,15.6314,23.4053,23.3542,
25,8,131072,2048,layered,2048/2048/2048,graph,146,23.8022,15.6632,23.8470,23.8022,
25,8,131072,2048,layered,2048/2048/2048,graph,147,22.7151,15.9059,22.7643,22.7151,
25,8,131072,2048,layered,2048/2048/2048,graph,148,23.9004,15.6632,23.9514,23.9004,
25,8,131072,2048,layered,2048/2048/2048,graph,149,22.8589,15.6314,22.9063,22.8589,
25,8,131072,2048,layered,2048/2048/2048,graph,150,23.5400,15.6632,23.5888,23.5400,
25,8,131072,2048,layered,2048/2048/2048,graph,151,23.8526,14.5648,23.8961,23.8526,
25,8,131072,2048,layered,2048/2048/2048,graph,152,23.8676,15.9378,23.9130,23.8676,
25,8,131072,2048,layered,2048/2048/2048,graph,153,24.0251,14.8394,24.0687,24.0251,
25,8,131072,2048,layered,2048/2048/2048,graph,154,23.7415,15.9378,23.7859,23.7415,
25,8,131072,2048,layered,2048/2048/2048,graph,155,23.3719,15.6314,23.4143,23.3719,
25,8,131072,2048,layered,2048/2048/2048,graph,156,24.1054,15.9378,24.1555,24.1054,
25,8,131072,2048,layered,2048/2048/2048,graph,157,23.5508,16.4551,23.5953,23.5508,
25,8,131072,2048,layered,2048/2048/2048,graph,158,23.5184,15.6632,23.5630,23.5184,
25,8,131072,2048,layered,2048/2048/2048,graph,159,23.5173,14.8394,23.5615,23.5173,
25,8,131072,2048,layered,2048/2048/2048,graph,160,23.8659,15.6632,23.9088,23.8659,
25,8,131072,2048,layered,2048/2048/2048,graph,161,23.6518,14.8394,23.6957,23.6518,
25,8,131072,2048,layered,2048/2048/2048,graph,162,23.4680,15.6632,23.5118,23.4680,
25,8,131072,2048,layered,2048/2048/2048,graph,163,23.6856,15.6314,23.7268,23.6856,
25,8,131072,2048,layered,2048/2048/2048,graph,164,23.4118,17.2789,23.4544,23.4118,
25,8,131072,2048,layered,2048/2048/2048,graph,165,23.4502,15.9059,23.4939,23.4502,
25,8,131072,2048,layered,2048/2048/2048,graph,166,23.8875,15.9378,23.9364,23.8875,
25,8,131072,2048,layered,2048/2048/2048,graph,167,23.6310,14.8394,23.6765,23.6310,
25,8,131072,2048,layered,2048/2048/2048,graph,168,23.5147,15.1140,23.5658,23.5147,
25,8,131072,2048,layered,2048/2048/2048,graph,169,23.3204,14.8394,23.3640,23.3204,
25,8,131072,2048,layered,2048/2048/2048,graph,170,23.5787,15.6632,23.6244,23.5787,
25,8,131072,2048,layered,2048/2048/2048,graph,171,23.8714,15.6314,23.9153,23.8714,
25,8,131072,2048,layered,2048/2048/2048,graph,172,23.4231,16.7297,23.4637,23.4231,
25,8,131072,2048,layered,2048/2048/2048,graph,173,23.9463,16.7297,23.9909,23.9463,
25,8,131072,2048,layered,2048/2048/2048,graph,174,23.8913,16.1805,23.9368,23.8913,
25,8,131072,2048,layered,2048/2048/2048,graph,175,23.3976,15.1140,23.4437,23.3976,
25,8,131072,2048,layered,2048/2048/2048,graph,176,23.5395,15.1140,23.5840,23.5395,
25,8,131072,2048,layered,2048/2048/2048,graph,177,23.4376,15.1140,23.4870,23.4376,
25,8,131072,2048,layered,2048/2048/2048,graph,178,23.7673,16.4551,23.8161,23.7673,
25,8,131072,2048,layered,2048/2048/2048,graph,179,23.6183,15.3886,23.6654,23.6183,
25,8,131072,2048,layered,2048/2048/2048,graph,180,23.8357,16.1805,23.8800,23.8357,
25,8,131072,2048,layered,2048/2048/2048,graph,181,23.2955,16.7297,23.3386,23.2955,
25,8,131072,2048,layered,2048/2048/2048,graph,182,23.8807,16.1805,23.9235,23.8807,
25,8,131072,2048,layered,2048/2048/2048,graph,183,23.7863,15.6632,23.8327,23.7863,
25,8,131072,2048,layered,2048/2048/2048,graph,184,23.3903,15.1140,23.4399,23.3903,
25,8,131072,2048,layered,2048/2048/2048,graph,185,24.0147,15.3886,24.0627,24.0147,
25,8,131072,2048,layered,2048/2048/2048,graph,186,24.1089,15.9378,24.1570,24.1089,
25,8,131072,2048,layered,2048/2048/2048,graph,187,23.5850,15.3568,23.6293,23.5850,
25,8,131072,2048,layered,2048/2048/2048,graph,188,23.4009,15.1140,23.4463,23.4009,
25,8,131072,2048,layered,2048/2048/2048,graph,189,23.1260,17.0043,23.1719,23.1260,
25,8,131072,2048,layered,2048/2048/2048,graph,190,23.9917,16.4551,24.0370,23.9917,
25,8,131072,2048,layered,2048/2048/2048,graph,191,23.6961,15.3886,23.7425,23.6961,
25,8,131072,2048,layered,2048/2048/2048,graph,192,24.0105,15.3886,24.0590,24.0105,
25,8,131072,2048,layered,2048/2048/2048,graph,193,23.9862,15.6632,24.0310,23.9862,
25,8,131072,2048,layered,2048/2048/2048,graph,194,23.5675,15.1140,23.6181,23.5675,
25,8,131072,2048,layered,2048/2048/2048,graph,195,23.4489,15.6314,23.4933,23.4489,
25,8,131072,2048,layered,2048/2048/2048,graph,196,23.5412,15.1140,23.5863,23.5412,
25,8,131072,2048,layered,2048/2048/2048,graph,197,22.9638,16.7297,23.0070,22.9638,
25,8,131072,2048,layered,2048/2048/2048,graph,198,21.1156,16.4233,21.1580,21.1156,
25,8,131072,2048,layered,2048/2048/2048,graph,199,23.9088,15.6632,23.9561,23.9088,
25,8,131072,2048,layered,1024/1024/1024,graph,0,24.3456,16.8252,24.3926,24.3456,
25,8,131072,2048,layered,1024/1024/1024,graph,1,24.4417,17.0998,24.4860,24.4417,
25,8,131072,2048,layered,1024/1024/1024,graph,2,23.8785,16.5506,23.9271,23.8785,
25,8,131072,2048,layered,1024/1024/1024,graph,3,22.1419,17.5853,22.1905,22.1419,
25,8,131072,2048,layered,1024/1024/1024,graph,4,23.1941,17.6171,23.2440,23.1941,
25,8,131072,2048,layered,1024/1024/1024,graph,5,23.9316,17.6171,23.9761,23.9316,
25,8,131072,2048,layered,1024/1024/1024,graph,6,23.4882,17.6171,23.5321,23.4882,
25,8,131072,2048,layered,1024/1024/1024,graph,7,24.4733,16.8252,24.5160,24.4733,
25,8,131072,2048,layered,1024/1024/1024,graph,8,24.3284,17.0998,24.3794,24.3284,
25,8,131072,2048,layered,1024/1024/1024,graph,9,24.3265,17.0998,24.3733,24.3265,
25,8,131072,2048,layered,1024/1024/1024,graph,10,24.5097,16.8252,24.5570,24.5097,
25,8,131072,2048,layered,1024/1024/1024,graph,11,23.7334,17.6171,23.7773,23.7334,
25,8,131072,2048,layered,1024/1024/1024,graph,12,22.4697,17.8599,22.5128,22.4697,
25,8,131072,2048,layered,1024/1024/1024,graph,13,24.0043,17.8917,24.0499,24.0043,
25,8,131072,2048,layered,1024/1024/1024,graph,14,24.2418,17.8917,24.2842,24.2418,
25,8,131072,2048,layered,1024/1024/1024,graph,15,24.1036,17.0998,24.1469,24.1036,
25,8,131072,2048,layered,1024/1024/1024,graph,16,24.4091,17.0998,24.4527,24.4091,
25,8,131072,2048,layered,1024/1024/1024,graph,17,24.1885,16.2760,24.2319,24.1885,
25,8,131072,2048,layered,1024/1024/1024,graph,18,24.2433,17.3744,24.2905,24.2433,
25,8,131072,2048,layered,1024/1024/1024,graph,19,23.7020,17.3425,23.7554,23.7020,
25,8,131072,2048,layered,1024/1024/1024,graph,20,23.6847,17.8917,23.7293,23.6847,
25,8,131072,2048,layered,1024/1024/1024,graph,21,23.9565,17.6171,24.0000,23.9565,
25,8,131072,2048,layered,1024/1024/1024,graph,22,24.1692,18.1663,24.2127,24.1692,
25,8,131072,2048,layered,1024/1024/1024,graph,23,24.2680,17.3425,24.3170,24.2680,
25,8,131072,2048,layered,1024/1024/1024,graph,24,24.3443,17.6490,24.3936,24.3443,
25,8,131072,2048,layered,1024/1024/1024,graph,25,24.4109,16.2760,24.4578,24.4109,
25,8,131072,2048,layered,1024/1024/1024,graph,26,24.1518,17.3744,24.1992,24.1518,
25,8,131072,2048,layered,1024/1024/1024,graph,27,24.0694,16.7934,24.1139,24.0694,
25,8,131072,2048,layered,1024/1024/1024,graph,28,24.0974,17.9235,24.1426,24.0974,
25,8,131072,2048,layered,1024/1024/1024,graph,29,23.1651,17.3107,23.2076,23.1651,
25,8,131072,2048,layered,1024/1024/1024,graph,30,24.5063,17.6490,24.5528,24.5063,
25,8,131072,2048,layered,1024/1024/1024,graph,31,24.4484,17.3425,24.4910,24.4484,
25,8,131072,2048,layered,1024/1024/1024,graph,32,23.9596,18.1663,24.0035,23.9596,
25,8,131072,2048,layered,1024/1024/1024,graph,33,24.3080,16.5506,24.3531,24.3080,
25,8,131072,2048,layered,1024/1024/1024,graph,34,24.5911,17.0998,24.6341,24.5911,
25,8,131072,2048,layered,1024/1024/1024,graph,35,23.7890,17.3425,23.8329,23.7890,
25,8,131072,2048,layered,1024/1024/1024,graph,36,24.3217,17.6490,24.3657,24.3217,
25,8,131072,2048,layered,1024/1024/1024,graph,37,24.2274,17.0679,24.2708,24.2274,
25,8,131072,2048,layered,1024/1024/1024,graph,38,24.5585,17.3744,24.6033,24.5585,
25,8,131072,2048,layered,1024/1024/1024,graph,39,24.1192,16.8252,24.1691,24.1192,
25,8,131072,2048,layered,1024/1024/1024,graph,40,24.1079,17.6171,24.1562,24.1079,
25,8,131072,2048,layered,1024/1024/1024,graph,41,24.0325,17.3744,24.0796,24.0325,
25,8,131072,2048,layered,1024/1024/1024,graph,42,24.3430,17.0998,24.3847,24.3430,
25,8,131072,2048,layered,1024/1024/1024,graph,43,24.2388,17.3425,24.2814,24.2388,
25,8,131072,2048,layered,1024/1024/1024,graph,44,24.3923,17.0998,24.4380,24.3923,
25,8,131072,2048,layered,1024/1024/1024,graph,45,23.8164,17.8917,23.8655,23.8164,
25,8,131072,2048,layered,1024/1024/1024,graph,46,24.3497,17.8917,24.3973,24.3497,
25,8,131072,2048,layered,1024/1024/1024,graph,47,24.5412,16.8252,24.6028,24.5412,
25,8,131072,2048,layered,1024/1024/1024,graph,48,23.9381,17.8917,23.9879,23.9381,
25,8,131072,2048,layered,1024/1024/1024,graph,49,24.4076,17.6171,24.4504,24.4076,
25,8,131072,2048,layered,1024/1024/1024,graph,50,24.1940,17.0998,24.2397,24.1940,
25,8,131072,2048,layered,1024/1024/1024,graph,51,24.2819,16.8252,24.3257,24.2819,
25,8,131072,2048,layered,1024/1024/1024,graph,52,24.0836,17.0998,24.1284,24.0836,
25,8,131072,2048,layered,1024/1024/1024,graph,53,24.3684,17.3425,24.4109,24.3684,
25,8,131072,2048,layered,1024/1024/1024,graph,54,24.0120,17.8917,24.0550,24.0120,
25,8,131072,2048,layered,1024/1024/1024,graph,55,24.5632,17.3744,24.6082,24.5632,
25,8,131072,2048,layered,1024/1024/1024,graph,56,24.2734,17.0998,24.3178,24.2734,
25,8,131072,2048,layered,1024/1024/1024,graph,57,24.3161,17.3425,24.3586,24.3161,
25,8,131072,2048,layered,1024/1024/1024,graph,58,24.5119,17.3744,24.5558,24.5119,
25,8,131072,2048,layered,1024/1024/1024,graph,59,24.4032,16.8252,24.4460,24.4032,
25,8,131072,2048,layered,1024/1024/1024,graph,60,24.3194,17.0998,24.3648,24.3194,
25,8,131072,2048,layered,1024/1024/1024,graph,61,24.3785,17.3425,24.4216,24.3785,
25,8,131072,2048,layered,1024/1024/1024,graph,62,24.3792,17.8917,24.4273,24.3792,
25,8,131072,2048,layered,1024/1024/1024,graph,63,24.1886,17.3425,24.2323,24.1886,
25,8,131072,2048,layered,1024/1024/1024,graph,64,24.5060,17.0998,24.5603,24.5060,
25,8,131072,2048,layered,1024/1024/1024,graph,65,24.2456,16.8252,24.2887,24.2456,
25,8,131072,2048,layered,1024/1024/1024,graph,66,24.3288,17.0998,24.3721,24.3288,
25,8,131072,2048,layered,1024/1024/1024,graph,67,24.0822,16.5506,24.1256,24.0822,
25,8,131072,2048,layered,1024/1024/1024,graph,68,24.3934,17.3744,24.4366,24.3934,
25,8,131072,2048,layered,1024/1024/1024,graph,69,23.8012,16.7934,23.8517,23.8012,
25,8,131072,2048,layered,1024/1024/1024,graph,70,24.1289,17.9235,24.1759,24.1289,
25,8,131072,2048,layered,1024/1024/1024,graph,71,24.1451,17.0679,24.1879,24.1451,
25,8,131072,2048,layered,1024/1024/1024,graph,72,24.2807,17.6490,24.3385,24.2807,
25,8,131072,2048,layered,1024/1024/1024,graph,73,24.3627,16.8252,24.4063,24.3627,
25,8,131072,2048,layered,1024/1024/1024,graph,74,24.2290,17.6490,24.2755,24.2290,
25,8,131072,2048,layered,1024/1024/1024,graph,75,24.5956,16.7934,24.6376,24.5956,
25,8,131072,2048,layered,1024/1024/1024,graph,76,24.0873,17.3744,24.1303,24.0873,
25,8,131072,2048,layered,1024/1024/1024,graph,77,24.0728,17.3425,24.1157,24.0728,
25,8,131072,2048,layered,1024/1024/1024,graph,78,24.2452,17.6490,24.2896,24.2452,
25,8,131072,2048,layered,1024/1024/1024,graph,79,24.2545,17.3425,24.2989,24.2545,
25,8,131072,2048,layered,1024/1024/1024,graph,80,24.0717,17.6490,24.1204,24.0717,
25,8,131072,2048,layered,1024/1024/1024,graph,81,24.4950,16.0014,24.5409,24.4950,
25,8,131072,2048,layered,1024/1024/1024,graph,82,24.4322,18.1981,24.4786,24.4322,
25,8,131072,2048,layered,1024/1024/1024,graph,83,24.2198,16.7934,24.2636,24.2198,
25,8,131072,2048,layered,1024/1024/1024,graph,84,24.3049,17.9235,24.3496,24.3049,
25,8,131072,2048,layered,1024/1024/1024,graph,85,23.6880,16.5188,23.7359,23.6880,
25,8,131072,2048,layered,1024/1024/1024,graph,86,24.3352,17.9235,24.3813,24.3352,
25,8,131072,2048,layered,1024/1024/1024,graph,87,22.7442,17.0361,22.7892,22.7442,
25,8,131072,2048,layered,1024/1024/1024,graph,88,24.4748,18.1981,24.5188,24.4748,
25,8,131072,2048,layered,1024/1024/1024,graph,89,24.1411,16.2760,24.1858,24.1411,
25,8,131072,2048,layered,1024/1024/1024,graph,90,24.2340,17.6490,24.2843,24.2340,
25,8,131072,2048,layered,1024/1024/1024,graph,91,24.2944,16.5506,24.3462,24.2944,
25,8,131072,2048,layered,1024/1024/1024,graph,92,24.4620,17.3744,24.5107,24.4620,
25,8,131072,2048,layered,1024/1024/1024,graph,93,23.7132,17.0679,23.7562,23.7132,
25,8,131072,2048,layered,1024/1024/1024,graph,94,24.3772,17.6490,24.4207,24.3772,
25,8,131072,2048,layered,1024/1024/1024,graph,95,23.9492,17.3425,23.9939,23.9492,
25,8,131072,2048,layered,1024/1024/1024,graph,96,23.7888,17.8917,23.8433,23.7888,
25,8,131072,2048,layered,1024/1024/1024,graph,97,24.2690,17.6171,24.3172,24.2690,
25,8,131072,2048,layered,1024/1024/1024,graph,98,24.2748,16.8252,24.3218,24.2748,
25,8,131072,2048,layered,1024/1024/1024,graph,99,24.3965,17.0998,24.4428,24.3965,
25,8,131072,2048,layered,1024/1024/1024,graph,100,24.3525,17.0998,24.3976,24.3525,
25,8,131072,2048,layered,1024/1024/1024,graph,101,24.2696,17.3425,24.3126,24.2696,
25,8,131072,2048,layered,1024/1024/1024,graph,102,24.1936,17.6490,24.2450,24.1936,
25,8,131072,2048,layered,1024/1024/1024,graph,103,24.2676,17.0679,24.3135,24.2676,
25,8,131072,2048,layered,1024/1024/1024,graph,104,23.6396,18.1663,23.6845,23.6396,
25,8,131072,2048,layered,1024/1024/1024,graph,105,24.1714,17.6171,24.2147,24.1714,
25,8,131072,2048,layered,1024/1024/1024,graph,106,24.2476,17.3744,24.2918,24.2476,
25,8,131072,2048,layered,1024/1024/1024,graph,107,24.5131,16.8252,24.5532,24.5131,
25,8,131072,2048,layered,1024/1024/1024,graph,108,24.4550,17.0998,24.4984,24.4550,
25,8,131072,2048,layered,1024/1024/1024,graph,109,24.1848,17.3425,24.2343,24.1848,
25,8,131072,2048,layered,1024/1024/1024,graph,110,24.1693,17.0998,24.2145,24.1693,
25,8,131072,2048,layered,1024/1024/1024,graph,111,23.6474,17.3425,23.6923,23.6474,
25,8,131072,2048,layered,1024/1024/1024,graph,112,24.4668,17.3744,24.5109,24.4668,
25,8,131072,2048,layered,1024/1024/1024,graph,113,23.8240,17.3425,23.8667,23.8240,
25,8,131072,2048,layered,1024/1024/1024,graph,114,24.4697,17.0998,24.5197,24.4697,
25,8,131072,2048,layered,1024/1024/1024,graph,115,23.6339,17.6171,23.6812,23.6339,
25,8,131072,2048,layered,1024/1024/1024,graph,116,24.2829,17.6490,24.3291,24.2829,
25,8,131072,2048,layered,1024/1024/1024,graph,117,24.0496,16.7934,24.0942,24.0496,
25,8,131072,2048,layered,1024/1024/1024,graph,118,24.4608,17.6490,24.5083,24.4608,
25,8,131072,2048,layered,1024/1024/1024,graph,119,24.0398,17.0679,24.0849,24.0398,
25,8,131072,2048,layered,1024/1024/1024,graph,120,24.3922,18.1981,24.4451,24.3922,
25,8,131072,2048,layered,1024/1024/1024,graph,121,24.2013,16.5188,24.2461,24.2013,
25,8,131072,2048,layered,1024/1024/1024,graph,122,24.2533,17.6490,24.2989,24.2533,
25,8,131072,2048,layered,1024/1024/1024,graph,123,24.2748,16.7934,24.3188,24.2748,
25,8,131072,2048,layered,1024/1024/1024,graph,124,24.5110,18.1981,24.5629,24.5110,
25,8,131072,2048,layered,1024/1024/1024,graph,125,24.2664,16.7934,24.3125,24.2664,
25,8,131072,2048,layered,1024/1024/1024,graph,126,24.2087,17.9235,24.2543,24.2087,
25,8,131072,2048,layered,1024/1024/1024,graph,127,24.2264,16.7934,24.2703,24.2264,
25,8,131072,2048,layered,1024/1024/1024,graph,128,24.0248,17.9235,24.0732,24.0248,
25,8,131072,2048,layered,1024/1024/1024,graph,129,24.0065,16.7934,24.0549,24.0065,
25,8,131072,2048,layered,1024/1024/1024,graph,130,24.1505,18.1981,24.1937,24.1505,
25,8,131072,2048,layered,1024/1024/1024,graph,131,24.4163,16.7934,24.4598,24.4163,
25,8,131072,2048,layered,1024/1024/1024,graph,132,24.2614,17.9235,24.3049,24.2614,
25,8,131072,2048,layered,1024/1024/1024,graph,133,24.3959,16.7934,24.4434,24.3959,
25,8,131072,2048,layered,1024/1024/1024,graph,134,24.4420,17.9235,24.4909,24.4420,
25,8,131072,2048,layered,1024/1024/1024,graph,135,24.1299,17.0679,24.1746,24.1299,
25,8,131072,2048,layered,1024/1024/1024,graph,136,24.5324,17.9235,24.5798,24.5324,
25,8,131072,2048,layered,1024/1024/1024,graph,137,24.2093,16.8252,24.2539,24.2093,
25,8,131072,2048,layered,1024/1024/1024,graph,138,24.2251,17.6171,24.2679,24.2251,
25,8,131072,2048,layered,1024/1024/1024,graph,139,23.6866,17.8917,23.7306,23.6866,
25,8,131072,2048,layered,1024/1024/1024,graph,140,24.5268,17.8917,24.5690,24.5268,
25,8,131072,2048,layered,1024/1024/1024,graph,141,24.0551,16.8252,24.1013,24.0551,
25,8,131072,2048,layered,1024/1024/1024,graph,142,24.5457,17.0998,24.5905,24.5457,
25,8,131072,2048,layered,1024/1024/1024,graph,143,23.8724,17.8917,23.9173,23.8724,
25,8,131072,2048,layered,1024/1024/1024,graph,144,24.4628,16.8252,24.5151,24.4628,
25,8,131072,2048,layered,1024/1024/1024,graph,145,24.5575,16.8252,24.6074,24.5575,
25,8,131072,2048,layered,1024/1024/1024,graph,146,23.9474,17.6171,23.9937,23.9474,
25,8,131072,2048,layered,1024/1024/1024,graph,147,23.9868,17.8917,24.0305,23.9868,
25,8,131072,2048,layered,1024/1024/1024,graph,148,24.2830,16.8252,24.3275,24.2830,
25,8,131072,2048,layered,1024/1024/1024,graph,149,24.5139,16.8252,24.5575,24.5139,
25,8,131072,2048,layered,1024/1024/1024,graph,150,24.1164,16.8252,24.1674,24.1164,
25,8,131072,2048,layered,1024/1024/1024,graph,151,24.5119,17.3744,24.5611,24.5119,
25,8,131072,2048,layered,1024/1024/1024,graph,152,24.0588,17.3425,24.1017,24.0588,
25,8,131072,2048,layered,1024/1024/1024,graph,153,24.0453,18.1663,24.0890,24.0453,
25,8,131072,2048,layered,1024/1024/1024,graph,154,24.2181,17.6171,24.2616,24.2181,
25,8,131072,2048,layered,1024/1024/1024,graph,155,24.4601,17.8917,24.5037,24.4601,
25,8,131072,2048,layered,1024/1024/1024,graph,156,24.4584,17.0998,24.5028,24.4584,
25,8,131072,2048,layered,1024/1024/1024,graph,157,24.5834,16.8252,24.6264,24.5834,
25,8,131072,2048,layered,1024/1024/1024,graph,158,24.4960,17.3744,24.5411,24.4960,
25,8,131072,2048,layered,1024/1024/1024,graph,159,24.4243,16.5506,24.4724,24.4243,
25,8,131072,2048,layered,1024/1024/1024,graph,160,24.3396,17.0998,24.3854,24.3396,
25,8,131072,2048,layered,1024/1024/1024,graph,161,23.7845,17.0679,23.8280,23.7845,
25,8,131072,2048,layered,1024/1024/1024,graph,162,23.2790,17.8917,23.3295,23.2790,
25,8,131072,2048,layered,1024/1024/1024,graph,163,24.2869,16.5506,24.3300,24.2869,
25,8,131072,2048,layered,1024/1024/1024,graph,164,24.3494,17.0998,24.3927,24.3494,
25,8,131072,2048,layered,1024/1024/1024,graph,165,24.0532,17.0998,24.1025,24.0532,
25,8,131072,2048,layered,1024/1024/1024,graph,166,24.1120,16.8252,24.1585,24.1120,
25,8,131072,2048,layered,1024/1024/1024,graph,167,24.2122,17.0998,24.2586,24.2122,
25,8,131072,2048,layered,1024/1024/1024,graph,168,24.2600,17.0679,24.3045,24.2600,
25,8,131072,2048,layered,1024/1024/1024,graph,169,23.6851,18.4409,23.7298,23.6851,
25,8,131072,2048,layered,1024/1024/1024,graph,170,24.4009,17.0679,24.4498,24.4009,
25,8,131072,2048,layered,1024/1024/1024,graph,171,24.4974,17.6490,24.5454,24.4974,
25,8,131072,2048,layered,1024/1024/1024,graph,172,24.5365,16.2760,24.5792,24.5365,
25,8,131072,2048,layered,1024/1024/1024,graph,173,24.3094,17.3744,24.3540,24.3094,
25,8,131072,2048,layered,1024/1024/1024,graph,174,24.2012,17.3425,24.2446,24.2012,
25,8,131072,2048,layered,1024/1024/1024,graph,175,24.4285,17.6490,24.4785,24.4285,
25,8,131072,2048,layered,1024/1024/1024,graph,176,23.8783,17.0679,23.9284,23.8783,
25,8,131072,2048,layered,1024/1024/1024,graph,177,24.3931,17.9235,24.4400,24.3931,
25,8,131072,2048,layered,1024/1024/1024,graph,178,23.9970,17.3425,24.0416,23.9970,
25,8,131072,2048,layered,1024/1024/1024,graph,179,24.6173,17.6490,24.6605,24.6173,
25,8,131072,2048,layered,1024/1024/1024,graph,180,23.8816,16.2760,23.9258,23.8816,
25,8,131072,2048,layered,1024/1024/1024,graph,181,24.3882,17.0998,24.4310,24.3882,
25,8,131072,2048,layered,1024/1024/1024,graph,182,24.3862,16.5506,24.4438,24.3862,
25,8,131072,2048,layered,1024/1024/1024,graph,183,24.2676,17.6490,24.3170,24.2676,
25,8,131072,2048,layered,1024/1024/1024,graph,184,24.3830,16.8252,24.4295,24.3830,
25,8,131072,2048,layered,1024/1024/1024,graph,185,24.2207,17.0998,24.2681,24.2207,
25,8,131072,2048,layered,1024/1024/1024,graph,186,22.8263,17.8599,22.8692,22.8263,
25,8,131072,2048,layered,1024/1024/1024,graph,187,24.3958,17.3744,24.4415,24.3958,
25,8,131072,2048,layered,1024/1024/1024,graph,188,24.5222,16.8252,24.5665,24.5222,
25,8,131072,2048,layered,1024/1024/1024,graph,189,23.7124,17.6171,23.7555,23.7124,
25,8,131072,2048,layered,1024/1024/1024,graph,190,24.6051,16.8252,24.6480,24.6051,
25,8,131072,2048,layered,1024/1024/1024,graph,191,24.1608,17.6490,24.2062,24.1608,
25,8,131072,2048,layered,1024/1024/1024,graph,192,24.3476,16.5506,24.3926,24.3476,
25,8,131072,2048,layered,1024/1024/1024,graph,193,24.1364,17.0998,24.1789,24.1364,
25,8,131072,2048,layered,1024/1024/1024,graph,194,21.7870,17.8281,21.8341,21.7870,
25,8,131072,2048,layered,1024/1024/1024,graph,195,24.4141,17.3744,24.4569,24.4141,
25,8,131072,2048,layered,1024/1024/1024,graph,196,24.3584,16.5506,24.4045,24.3584,
25,8,131072,2048,layered,1024/1024/1024,graph,197,24.2567,17.6490,24.3016,24.2567,
25,8,131072,2048,layered,1024/1024/1024,graph,198,24.4351,16.8252,24.4795,24.4351,
25,8,131072,2048,layered,1024/1024/1024,graph,199,24.0425,17.6171,24.0863,24.0425,
25,8,131072,2048,layered,1536/1536/1536,graph,0,23.2849,15.6632,23.3298,23.2849,
25,8,131072,2048,layered,1536/1536/1536,graph,1,22.6322,16.4551,22.6740,22.6322,
25,8,131072,2048,layered,1536/1536/1536,graph,2,23.7708,15.9378,23.8143,23.7708,
25,8,131072,2048,layered,1536/1536/1536,graph,3,24.0464,15.6632,24.0904,24.0464,
25,8,131072,2048,layered,1536/1536/1536,graph,4,23.7299,15.6632,23.7750,23.7299,
25,8,131072,2048,layered,1536/1536/1536,graph,5,23.5814,15.6632,23.6253,23.5814,
25,8,131072,2048,layered,1536/1536/1536,graph,6,23.0805,15.3886,23.1263,23.0805,
25,8,131072,2048,layered,1536/1536/1536,graph,7,23.6524,15.3886,23.6986,23.6524,
25,8,131072,2048,layered,1536/1536/1536,graph,8,23.3316,15.9378,23.3763,23.3316,
25,8,131072,2048,layered,1536/1536/1536,graph,9,22.9539,16.7297,22.9967,22.9539,
25,8,131072,2048,layered,1536/1536/1536,graph,10,22.8324,17.0043,22.8747,22.8324,
25,8,131072,2048,layered,1536/1536/1536,graph,11,23.8863,15.6632,23.9307,23.8863,
25,8,131072,2048,layered,1536/1536/1536,graph,12,23.6746,15.6632,23.7209,23.6746,
25,8,131072,2048,layered,1536/1536/1536,graph,13,23.6422,15.3886,23.6868,23.6422,
25,8,131072,2048,layered,1536/1536/1536,graph,14,23.2722,15.3886,23.3161,23.2722,
25,8,131072,2048,layered,1536/1536/1536,graph,15,23.9919,16.2124,24.0374,23.9919,
25,8,131072,2048,layered,1536/1536/1536,graph,16,24.0816,15.3886,24.1237,24.0816,
25,8,131072,2048,layered,1536/1536/1536,graph,17,23.7552,16.2124,23.8008,23.7552,
25,8,131072,2048,layered,1536/1536/1536,graph,18,23.3330,16.1805,23.3753,23.3330,
25,8,131072,2048,layered,1536/1536/1536,graph,19,23.3538,15.6632,23.4001,23.3538,
25,8,131072,2048,layered,1536/1536/1536,graph,20,23.7877,15.6632,23.8317,23.7877,
25,8,131072,2048,layered,1536/1536/1536,graph,21,23.3084,15.6632,23.3547,23.3084,
25,8,131072,2048,layered,1536/1536/1536,graph,22,23.9727,15.3886,24.0184,23.9727,
25,8,131072,2048,layered,1536/1536/1536,graph,23,23.6026,15.9378,23.6482,23.6026,
25,8,131072,2048,layered,1536/1536/1536,graph,24,23.6717,15.3886,23.7164,23.6717,
25,8,131072,2048,layered,1536/1536/1536,graph,25,22.7081,17.0043,22.7522,22.7081,
25,8,131072,2048,layered,1536/1536/1536,graph,26,23.0408,16.1805,23.0832,23.0408,
25,8,131072,2048,layered,1536/1536/1536,graph,27,23.2621,15.6632,23.3070,23.2621,
25,8,131072,2048,layered,1536/1536/1536,graph,28,22.5908,16.7297,22.6356,22.5908,
25,8,131072,2048,layered,1536/1536/1536,graph,29,23.3922,15.6632,23.4384,23.3922,
25,8,131072,2048,layered,1536/1536/1536,graph,30,23.6635,14.8394,23.7072,23.6635,
25,8,131072,2048,layered,1536/1536/1536,graph,31,23.7268,16.4869,23.7721,23.7268,
25,8,131072,2048,layered,1536/1536/1536,graph,32,23.5456,15.3886,23.5974,23.5456,
25,8,131072,2048,layered,1536/1536/1536,graph,33,22.1485,16.1805,22.1913,22.1485,
25,8,131072,2048,layered,1536/1536/1536,graph,34,24.1855,15.6632,24.2303,24.1855,
25,8,131072,2048,layered,1536/1536/1536,graph,35,23.2148,15.9378,23.2610,23.2148,
25,8,131072,2048,layered,1536/1536/1536,graph,36,22.7934,16.1805,22.8369,22.7934,
25,8,131072,2048,layered,1536/1536/1536,graph,37,23.1023,15.9378,23.1477,23.1023,
25,8,131072,2048,layered,1536/1536/1536,graph,38,23.7544,15.1140,23.8004,23.7544,
25,8,131072,2048,layered,1536/1536/1536,graph,39,23.8683,15.9378,23.9112,23.8683,
25,8,131072,2048,layered,1536/1536/1536,graph,40,23.6592,15.3886,23.7030,23.6592,
25,8,131072,2048,layered,1536/1536/1536,graph,41,23.5243,15.6632,23.5813,23.5243,
25,8,131072,2048,layered,1536/1536/1536,graph,42,22.5871,16.7297,22.6297,22.5871,
25,8,131072,2048,layered,1536/1536/1536,graph,43,23.3164,15.3886,23.3637,23.3164,
25,8,131072,2048,layered,1536/1536/1536,graph,44,23.8483,16.2124,23.8940,23.8483,
25,8,131072,2048,layered,1536/1536/1536,graph,45,23.7737,15.3886,23.8176,23.7737,
25,8,131072,2048,layered,1536/1536/1536,graph,46,23.7342,15.3886,23.7769,23.7342,
25,8,131072,2048,layered,1536/1536/1536,graph,47,23.7646,15.9378,23.8089,23.7646,
25,8,131072,2048,layered,1536/1536/1536,graph,48,23.9450,15.3886,23.9885,23.9450,
25,8,131072,2048,layered,1536/1536/1536,graph,49,23.8256,16.2124,23.9052,23.8256,
25,8,131072,2048,layered,1536/1536/1536,graph,50,22.6891,15.9059,22.7330,22.6891,
25,8,131072,2048,layered,1536/1536/1536,graph,51,23.9042,16.2124,23.9500,23.9042,
25,8,131072,2048,layered,1536/1536/1536,graph,52,22.4260,16.1805,22.4688,22.4260,
25,8,131072,2048,layered,1536/1536/1536,graph,53,24.0904,15.6632,24.1344,24.0904,
25,8,131072,2048,layered,1536/1536/1536,graph,54,23.8722,15.9378,23.9193,23.8722,
25,8,131072,2048,layered,1536/1536/1536,graph,55,23.4117,15.6632,23.4567,23.4117,
25,8,131072,2048,layered,1536/1536/1536,graph,56,23.5877,15.3886,23.6314,23.5877,
25,8,131072,2048,layered,1536/1536/1536,graph,57,23.9424,15.6632,23.9865,23.9424,
25,8,131072,2048,layered,1536/1536/1536,graph,58,21.5458,15.6314,21.5891,21.5458,
25,8,131072,2048,layered,1536/1536/1536,graph,59,23.9824,16.2124,24.0275,23.9824,
25,8,131072,2048,layered,1536/1536/1536,graph,60,23.7604,15.3886,23.8040,23.7604,
25,8,131072,2048,layered,1536/1536/1536,graph,61,24.1857,16.2124,24.2326,24.1857,
25,8,131072,2048,layered,1536/1536/1536,graph,62,23.8310,15.6632,23.8767,23.8310,
25,8,131072,2048,layered,1536/1536/1536,graph,63,23.8127,15.6632,23.8617,23.8127,
25,8,131072,2048,layered,1536/1536/1536,graph,64,23.7118,15.6632,23.7561,23.7118,
25,8,131072,2048,layered,1536/1536/1536,graph,65,23.7571,15.6632,23.8028,23.7571,
25,8,131072,2048,layered,1536/1536/1536,graph,66,23.4129,15.9378,23.4574,23.4129,
25,8,131072,2048,layered,1536/1536/1536,graph,67,23.9757,15.9378,24.0191,23.9757,
25,8,131072,2048,layered,1536/1536/1536,graph,68,23.6426,15.9378,23.6857,23.6426,
25,8,131072,2048,layered,1536/1536/1536,graph,69,23.7987,15.6632,23.8427,23.7987,
25,8,131072,2048,layered,1536/1536/1536,graph,70,23.8741,15.6632,23.9164,23.8741,
25,8,131072,2048,layered,1536/1536/1536,graph,71,24.1498,15.9378,24.1931,24.1498,
25,8,131072,2048,layered,1536/1536/1536,graph,72,23.1816,15.6632,23.2252,23.1816,
25,8,131072,2048,layered,1536/1536/1536,graph,73,23.4151,15.3886,23.4588,23.4151,
25,8,131072,2048,layered,1536/1536/1536,graph,74,23.3739,15.1140,23.4171,23.3739,
25,8,131072,2048,layered,1536/1536/1536,graph,75,23.9267,15.9378,23.9700,23.9267,
25,8,131072,2048,layered,1536/1536/1536,graph,76,23.6136,15.3886,23.6567,23.6136,
25,8,131072,2048,layered,1536/1536/1536,graph,77,23.4930,15.6632,23.5363,23.4930,
25,8,131072,2048,layered,1536/1536/1536,graph,78,24.0107,15.9378,24.0535,24.0107,
25,8,131072,2048,layered,1536/1536/1536,graph,79,22.2034,16.4551,22.2472,22.2034,
25,8,131072,2048,layered,1536/1536/1536,graph,80,22.0290,16.1805,22.0725,22.0290,
25,8,131072,2048,layered,1536/1536/1536,graph,81,23.7952,16.2124,23.8383,23.7952,
25,8,131072,2048,layered,1536/1536/1536,graph,82,23.5940,15.3886,23.6373,23.5940,
25,8,131072,2048,layered,1536/1536/1536,graph,83,23.6050,15.9378,23.6487,23.6050,
25,8,131072,2048,layered,1536/1536/1536,graph,84,23.6052,15.3886,23.6512,23.6052,
25,8,131072,2048,layered,1536/1536/1536,graph,85,23.3403,15.6632,23.3841,23.3403,
25,8,131072,2048,layered,1536/1536/1536,graph,86,23.9701,15.9378,24.0135,23.9701,
25,8,131072,2048,layered,1536/1536/1536,graph,87,21.7171,15.9059,21.7602,21.7171,
25,8,131072,2048,layered,1536/1536/1536,graph,88,23.6958,16.2124,23.7401,23.6958,
25,8,131072,2048,layered,1536/1536/1536,graph,89,23.6640,15.3886,23.7077,23.6640,
25,8,131072,2048,layered,1536/1536/1536,graph,90,23.9915,15.9378,24.0363,23.9915,
25,8,131072,2048,layered,1536/1536/1536,graph,91,22.2241,16.1805,22.2667,22.2241,
25,8,131072,2048,layered,1536/1536/1536,graph,92,23.8482,16.2124,23.8950,23.8482,
25,8,131072,2048,layered,1536/1536/1536,graph,93,23.4531,15.3886,23.4960,23.4531,
25,8,131072,2048,layered,1536/1536/1536,graph,94,23.8101,15.6632,23.8543,23.8101,
25,8,131072,2048,layered,1536/1536/1536,graph,95,22.4092,16.1805,22.4564,22.4092,
25,8,131072,2048,layered,1536/1536/1536,graph,96,24.1862,15.9378,24.2305,24.1862,
25,8,131072,2048,layered,1536/1536/1536,graph,97,23.7516,15.3886,23.7973,23.7516,
25,8,131072,2048,layered,1536/1536/1536,graph,98,23.6643,15.9378,23.7091,23.6643,
25,8,131072,2048,layered,1536/1536/1536,graph,99,23.8581,15.6632,23.9030,23.8581,
25,8,131072,2048,layered,1536/1536/1536,graph,100,23.6167,16.2124,23.6624,23.6167,
25,8,131072,2048,layered,1536/1536/1536,graph,101,23.2943,15.1140,23.3378,23.2943,
25,8,131072,2048,layered,1536/1536/1536,graph,102,23.4290,15.9378,23.4756,23.4290,
25,8,131072,2048,layered,1536/1536/1536,graph,103,21.9436,15.6314,21.9855,21.9436,
25,8,131072,2048,layered,1536/1536/1536,graph,104,23.5944,16.2124,23.6389,23.5944,
25,8,131072,2048,layered,1536/1536/1536,graph,105,22.3553,16.1805,22.3982,22.3553,
25,8,131072,2048,layered,1536/1536/1536,graph,106,23.2574,15.9378,23.3032,23.2574,
25,8,131072,2048,layered,1536/1536/1536,graph,107,22.6984,15.9059,22.7380,22.6984,
25,8,131072,2048,layered,1536/1536/1536,graph,108,24.0972,16.4869,24.1423,24.0972,
25,8,131072,2048,layered,1536/1536/1536,graph,109,23.6759,15.1140,23.7202,23.6759,
25,8,131072,2048,layered,1536/1536/1536,graph,110,23.7328,15.9378,23.7772,23.7328,
25,8,131072,2048,layered,1536/1536/1536,graph,111,23.5357,15.3886,23.5810,23.5357,
25,8,131072,2048,layered,1536/1536/1536,graph,112,23.5641,15.9378,23.6084,23.5641,
25,8,131072,2048,layered,1536/1536/1536,graph,113,22.5890,15.9059,22.6329,22.5890,
25,8,131072,2048,layered,1536/1536/1536,graph,114,23.3696,15.6632,23.4140,23.3696,
25,8,131072,2048,layered,1536/1536/1536,graph,115,22.0734,16.7297,22.1178,22.0734,
25,8,131072,2048,layered,1536/1536/1536,graph,116,23.5561,15.9378,23.6007,23.5561,
25,8,131072,2048,layered,1536/1536/1536,graph,117,23.3884,15.3886,23.4332,23.3884,
25,8,131072,2048,layered,1536/1536/1536,graph,118,23.9440,15.1140,23.9870,23.9440,
25,8,131072,2048,layered,1536/1536/1536,graph,119,24.1422,16.2124,24.1869,24.1422,
25,8,131072,2048,layered,1536/1536/1536,graph,120,22.1183,15.9059,22.1680,22.1183,
25,8,131072,2048,layered,1536/1536/1536,graph,121,23.5822,16.2124,23.6274,23.5822,
25,8,131072,2048,layered,1536/1536/1536,graph,122,22.8931,16.1805,22.9362,22.8931,
25,8,131072,2048,layered,1536/1536/1536,graph,123,23.6402,16.2124,23.6854,23.6402,
25,8,131072,2048,layered,1536/1536/1536,graph,124,22.3174,15.6314,22.3596,22.3174,
25,8,131072,2048,layered,1536/1536/1536,graph,125,23.3321,15.9378,23.3784,23.3321,
25,8,131072,2048,layered,1536/1536/1536,graph,126,23.3852,15.3886,23.4307,23.3852,
25,8,131072,2048,layered,1536/1536/1536,graph,127,24.1692,15.9378,24.2139,24.1692,
25,8,131072,2048,layered,1536/1536/1536,graph,128,21.6065,15.9059,21.6496,21.6065,
25,8,131072,2048,layered,1536/1536/1536,graph,129,23.9896,15.9378,24.0330,23.9896,
25,8,131072,2048,layered,1536/1536/1536,graph,130,23.5062,15.3886,23.5490,23.5062,
25,8,131072,2048,layered,1536/1536/1536,graph,131,23.5699,15.6632,23.6152,23.5699,
25,8,131072,2048,layered,1536/1536/1536,graph,132,21.9691,16.1805,22.0121,21.9691,
25,8,131072,2048,layered,1536/1536/1536,graph,133,23.3457,15.9378,23.3896,23.3457,
25,8,131072,2048,layered,1536/1536/1536,graph,134,23.4914,15.1140,23.5371,23.4914,
25,8,131072,2048,layered,1536/1536/1536,graph,135,23.9434,16.2124,23.9875,23.9434,
25,8,131072,2048,layered,1536/1536/1536,graph,136,22.1498,15.9059,22.1983,22.1498,
25,8,131072,2048,layered,1536/1536/1536,graph,137,23.2847,15.9378,23.4095,23.2847,
25,8,131072,2048,layered,1536/1536/1536,graph,138,23.1108,15.3886,23.1570,23.1108,
25,8,131072,2048,layered,1536/1536/1536,graph,139,23.1756,15.3886,23.2202,23.1756,
25,8,131072,2048,layered,1536/1536/1536,graph,140,23.8407,15.6632,23.8848,23.8407,
25,8,131072,2048,layered,1536/1536/1536,graph,141,23.7804,15.6632,23.8228,23.7804,
25,8,131072,2048,layered,1536/1536/1536,graph,142,23.7604,15.6632,23.8034,23.7604,
25,8,131072,2048,layered,1536/1536/1536,graph,143,21.7299,16.1805,21.7724,21.7299,
25,8,131072,2048,layered,1536/1536/1536,graph,144,23.8640,16.2124,23.9188,23.8640,
25,8,131072,2048,layered,1536/1536/1536,graph,145,22.5943,15.9059,22.6361,22.5943,
25,8,131072,2048,layered,1536/1536/1536,graph,146,23.9898,16.4869,24.0358,23.9898,
25,8,131072,2048,layered,1536/1536/1536,graph,147,23.8041,15.6632,23.8474,23.8041,
25,8,131072,2048,layered,1536/1536/1536,graph,148,23.7099,15.6632,23.7543,23.7099,
25,8,131072,2048,layered,1536/1536/1536,graph,149,24.0386,15.6632,24.0844,24.0386,
25,8,131072,2048,layered,1536/1536/1536,graph,150,24.0696,15.9378,24.1145,24.0696,
25,8,131072,2048,layered,1536/1536/1536,graph,151,23.3404,15.9378,23.3895,23.3404,
25,8,131072,2048,layered,1536/1536/1536,graph,152,23.7952,15.6632,23.8408,23.7952,
25,8,131072,2048,layered,1536/1536/1536,graph,153,23.9653,15.6632,24.0086,23.9653,
25,8,131072,2048,layered,1536/1536/1536,graph,154,24.3943,15.6632,24.4376,24.3943,
25,8,131072,2048,layered,1536/1536/1536,graph,155,23.5913,15.6632,23.6386,23.5913,
25,8,131072,2048,layered,1536/1536/1536,graph,156,23.7880,15.9378,23.8333,23.7880,
25,8,131072,2048,layered,1536/1536/1536,graph,157,23.8666,15.6632,23.9096,23.8666,
25,8,131072,2048,layered,1536/1536/1536,graph,158,24.1861,15.9378,24.2292,24.1861,
25,8,131072,2048,layered,1536/1536/1536,graph,159,23.2593,15.3886,23.3018,23.2593,
25,8,131072,2048,layered,1536/1536/1536,graph,160,23.5128,15.6632,23.5568,23.5128,
25,8,131072,2048,layered,1536/1536/1536,graph,161,23.1672,15.6632,23.2099,23.1672,
25,8,131072,2048,layered,1536/1536/1536,graph,162,23.4662,15.6632,23.5099,23.4662,
25,8,131072,2048,layered,1536/1536/1536,graph,163,23.4612,15.6632,23.5086,23.4612,
25,8,131072,2048,layered,1536/1536/1536,graph,164,24.0034,15.9378,24.0461,24.0034,
25,8,131072,2048,layered,1536/1536/1536,graph,165,23.4276,15.6632,23.4712,23.4276,
25,8,131072,2048,layered,1536/1536/1536,graph,166,24.3551,15.6632,24.3985,24.3551,
25,8,131072,2048,layered,1536/1536/1536,graph,167,23.9088,15.6632,23.9519,23.9088,
25,8,131072,2048,layered,1536/1536/1536,graph,168,24.1093,15.3886,24.1507,24.1093,
25,8,131072,2048,layered,1536/1536/1536,graph,169,23.8241,15.9378,23.8681,23.8241,
25,8,131072,2048,layered,1536/1536/1536,graph,170,23.7257,15.3886,23.7683,23.7257,
25,8,131072,2048,layered,1536/1536/1536,graph,171,23.5440,15.6632,23.5876,23.5440,
25,8,131072,2048,layered,1536/1536/1536,graph,172,23.8393,15.6632,23.8787,23.8393,
25,8,131072,2048,layered,1536/1536/1536,graph,173,22.3278,16.4551,22.3719,22.3278,
25,8,131072,2048,layered,1536/1536/1536,graph,174,22.3514,16.4551,22.3942,22.3514,
25,8,131072,2048,layered,1536/1536/1536,graph,175,23.5351,15.9378,23.5806,23.5351,
25,8,131072,2048,layered,1536/1536/1536,graph,176,23.6056,15.3886,23.6495,23.6056,
25,8,131072,2048,layered,1536/1536/1536,graph,177,23.8940,15.9378,23.9365,23.8940,
25,8,131072,2048,layered,1536/1536/1536,graph,178,23.1551,14.8394,23.2008,23.1551,
25,8,131072,2048,layered,1536/1536/1536,graph,179,23.6575,16.4869,23.7027,23.6575,
25,8,131072,2048,layered,1536/1536/1536,graph,180,21.9482,15.6314,21.9950,21.9482,
25,8,131072,2048,layered,1536/1536/1536,graph,181,23.4711,16.2124,23.5192,23.4711,
25,8,131072,2048,layered,1536/1536/1536,graph,182,22.0091,15.9059,22.0519,22.0091,
25,8,131072,2048,layered,1536/1536/1536,graph,183,23.9164,16.4869,23.9587,23.9164,
25,8,131072,2048,layered,1536/1536/1536,graph,184,23.3221,15.1140,23.3665,23.3221,
25,8,131072,2048,layered,1536/1536/1536,graph,185,23.3898,15.9378,23.4349,23.3898,
25,8,131072,2048,layered,1536/1536/1536,graph,186,23.5980,15.3886,23.6423,23.5980,
25,8,131072,2048,layered,1536/1536/1536,graph,187,23.8008,15.9378,23.8451,23.8008,
25,8,131072,2048,layered,1536/1536/1536,graph,188,22.1854,16.1805,22.2280,22.1854,
25,8,131072,2048,layered,1536/1536/1536,graph,189,23.8885,15.6632,23.9313,23.8885,
25,8,131072,2048,layered,1536/1536/1536,graph,190,21.8283,16.7297,21.8721,21.8283,
25,8,131072,2048,layered,1536/1536/1536,graph,191,23.5042,15.6632,23.5480,23.5042,
25,8,131072,2048,layered,1536/1536/1536,graph,192,23.4115,15.1140,23.4554,23.4115,
25,8,131072,2048,layered,1536/1536/1536,graph,193,23.6124,15.6632,23.6576,23.6124,
25,8,131072,2048,layered,1536/1536/1536,graph,194,23.9112,15.1140,23.9541,23.9112,
25,8,131072,2048,layered,1536/1536/1536,graph,195,24.0213,16.7615,24.0657,24.0213,
25,8,131072,2048,layered,1536/1536/1536,graph,196,22.6569,15.6314,22.7006,22.6569,
25,8,131072,2048,layered,1536/1536/1536,graph,197,23.5058,16.2124,23.5563,23.5058,
25,8,131072,2048,layered,1536/1536/1536,graph,198,22.5178,16.1805,22.5621,22.5178,
25,8,131072,2048,layered,1536/1536/1536,graph,199,23.5476,15.9378,23.5933,23.5476,
25,8,131072,2048,layered,512/512/512,graph,0,23.7895,19.6666,23.8377,23.7895,
25,8,131072,2048,layered,512/512/512,graph,1,24.0743,18.2300,24.1186,24.0743,
25,8,131072,2048,layered,512/512/512,graph,2,23.4395,20.4585,23.4846,23.4395,
25,8,131072,2048,layered,512/512/512,graph,3,23.8156,17.9554,23.8590,23.8156,
25,8,131072,2048,layered,512/512/512,graph,4,24.1324,20.2157,24.1783,24.1324,
25,8,131072,2048,layered,512/512/512,graph,5,23.5477,17.9872,23.5906,23.5477,
25,8,131072,2048,layered,512/512/512,graph,6,23.9330,19.3920,23.9766,23.9330,
25,8,131072,2048,layered,512/512/512,graph,7,23.0850,18.7473,23.1289,23.0850,
25,8,131072,2048,layered,512/512/512,graph,8,23.4352,20.1839,23.4801,23.4352,
25,8,131072,2048,layered,512/512/512,graph,9,23.5590,19.0219,23.6015,23.5590,
25,8,131072,2048,layered,512/512/512,graph,10,23.5789,19.9093,23.6220,23.5789,
25,8,131072,2048,layered,512/512/512,graph,11,23.9447,18.5046,23.9875,23.9447,
25,8,131072,2048,layered,512/512/512,graph,12,23.4692,19.9412,23.5307,23.4692,
25,8,131072,2048,layered,512/512/512,graph,13,23.7350,17.4380,23.7873,23.7350,
25,8,131072,2048,layered,512/512/512,graph,14,24.1306,19.3920,24.1782,24.1306,
25,8,131072,2048,layered,512/512/512,graph,15,23.8452,18.7791,23.8916,23.8452,
25,8,131072,2048,layered,512/512/512,graph,16,23.7715,19.9093,23.8235,23.7715,
25,8,131072,2048,layered,512/512/512,graph,17,23.0159,19.0219,23.0683,23.0159,
25,8,131072,2048,layered,512/512/512,graph,18,23.9256,19.9093,23.9711,23.9256,
25,8,131072,2048,layered,512/512/512,graph,19,23.3059,18.7791,23.3516,23.3059,
25,8,131072,2048,layered,512/512/512,graph,20,23.9155,19.6666,23.9610,23.9155,
25,8,131072,2048,layered,512/512/512,graph,21,23.9203,17.7126,23.9628,23.9203,
25,8,131072,2048,layered,512/512/512,graph,22,23.7692,19.3920,23.8127,23.7692,
25,8,131072,2048,layered,512/512/512,graph,23,23.5941,18.7791,23.6395,23.5941,
25,8,131072,2048,layered,512/512/512,graph,24,22.9844,19.8775,23.0291,22.9844,
25,8,131072,2048,layered,512/512/512,graph,25,23.0913,19.2965,23.1376,23.0913,
25,8,131072,2048,layered,512/512/512,graph,26,23.6972,19.6347,23.7409,23.6972,
25,8,131072,2048,layered,512/512/512,graph,27,23.8232,19.0537,23.8688,23.8232,
25,8,131072,2048,layered,512/512/512,graph,28,24.0450,19.1174,24.0890,24.0450,
25,8,131072,2048,layered,512/512/512,graph,29,23.7225,18.2618,23.7723,23.7225,
25,8,131072,2048,layered,512/512/512,graph,30,24.0001,18.5682,24.0483,24.0001,
25,8,131072,2048,layered,512/512/512,graph,31,23.7027,19.0856,23.7485,23.7027,
25,8,131072,2048,layered,512/512/512,graph,32,22.7728,19.8457,22.8182,22.7728,
25,8,131072,2048,layered,512/512/512,graph,33,22.7560,19.8457,22.8007,22.7560,
25,8,131072,2048,layered,512/512/512,graph,34,23.9642,19.0856,24.0072,23.9642,
25,8,131072,2048,layered,512/512/512,graph,35,24.0192,19.3601,24.0647,24.0192,
25,8,131072,2048,layered,512/512/512,graph,36,23.9753,19.0856,24.0180,23.9753,
25,8,131072,2048,layered,512/512/512,graph,37,23.8391,18.8110,23.8842,23.8391,
25,8,131072,2048,layered,512/512/512,graph,38,23.8170,19.1174,23.8623,23.8170,
25,8,131072,2048,layered,512/512/512,graph,39,24.0223,18.0190,24.0677,24.0223,
25,8,131072,2048,layered,512/512/512,graph,40,22.4833,19.2965,22.5266,22.4833,
25,8,131072,2048,layered,512/512/512,graph,41,22.2704,19.5711,22.3158,22.2704,
25,8,131072,2048,layered,512/512/512,graph,42,23.1053,19.3283,23.1457,23.1053,
25,8,131072,2048,layered,512/512/512,graph,43,24.1073,19.3601,24.1525,24.1073,
25,8,131072,2048,layered,512/512/512,graph,44,23.7393,18.5364,23.7825,23.7393,
25,8,131072,2048,layered,512/512/512,graph,45,23.8422,19.3601,23.8877,23.8422,
25,8,131072,2048,layered,512/512/512,graph,46,24.0918,18.0190,24.1358,24.0918,
25,8,131072,2048,layered,512/512/512,graph,47,23.7092,18.5682,23.7536,23.7092,
25,8,131072,2048,layered,512/512/512,graph,48,22.6761,19.0219,22.7188,22.6761,
25,8,131072,2048,layered,512/512/512,graph,49,21.8575,19.8457,21.9032,21.8575,
25,8,131072,2048,layered,512/512/512,graph,50,23.4422,18.7791,23.4849,23.4422,
25,8,131072,2048,layered,512/512/512,graph,51,23.6100,19.6347,23.6717,23.6100,
25,8,131072,2048,layered,512/512/512,graph,52,23.7645,18.7791,23.8075,23.7645,
25,8,131072,2048,layered,512/512/512,graph,53,23.8076,19.6347,23.8525,23.8076,
25,8,131072,2048,layered,512/512/512,graph,54,23.7850,17.7444,23.8330,23.7850,
25,8,131072,2048,layered,512/512/512,graph,55,24.0023,18.5682,24.0478,24.0023,
25,8,131072,2048,layered,512/512/512,graph,56,22.4748,19.0219,22.5240,22.4748,
25,8,131072,2048,layered,512/512/512,graph,57,23.0697,19.8775,23.1136,23.0697,
25,8,131072,2048,layered,512/512/512,graph,58,22.8752,19.0219,22.9205,22.8752,
25,8,131072,2048,layered,512/512/512,graph,59,23.8995,19.6347,23.9427,23.8995,
25,8,131072,2048,layered,512/512/512,graph,60,23.7522,18.2618,23.7974,23.7522,
25,8,131072,2048,layered,512/512/512,graph,61,23.7954,19.6347,23.8402,23.7954,
25,8,131072,2048,layered,512/512/512,graph,62,24.1192,18.2618,24.1642,24.1192,
25,8,131072,2048,layered,512/512/512,graph,63,23.6354,18.8746,23.6808,23.6354,
25,8,131072,2048,layered,512/512/512,graph,64,22.6166,18.7155,22.6655,22.6166,
25,8,131072,2048,layered,512/512/512,graph,65,23.3454,20.4585,23.3905,23.3454,
25,8,131072,2048,layered,512/512/512,graph,66,23.4849,18.4727,23.5279,23.4849,
25,8,131072,2048,layered,512/512/512,graph,67,23.8662,20.4903,23.9120,23.8662,
25,8,131072,2048,layered,512/512/512,graph,68,23.9414,17.9554,23.9846,23.9414,
25,8,131072,2048,layered,512/512/512,graph,69,23.6575,20.4585,23.7114,23.6575,
25,8,131072,2048,layered,512/512/512,graph,70,23.8584,17.4380,23.9010,23.8584,
25,8,131072,2048,layered,512/512/512,graph,71,23.9407,19.1492,23.9874,23.9407,
25,8,131072,2048,layered,512/512/512,graph,72,22.4856,18.7155,22.5294,22.4856,
25,8,131072,2048,layered,512/512/512,graph,73,23.5565,19.6666,23.6013,23.5565,
25,8,131072,2048,layered,512/512/512,graph,74,23.3235,18.4727,23.3684,23.3235,
25,8,131072,2048,layered,512/512/512,graph,75,23.4755,20.4585,23.5209,23.4755,
25,8,131072,2048,layered,512/512/512,graph,76,24.0898,17.7126,24.1356,24.0898,
25,8,131072,2048,layered,512/512/512,graph,77,22.9361,20.4267,22.9816,22.9361,
25,8,131072,2048,layered,512/512/512,graph,78,24.1599,17.9872,24.2038,24.1599,
25,8,131072,2048,layered,512/512/512,graph,79,23.5945,18.8428,23.6459,23.5945,
25,8,131072,2048,layered,512/512/512,graph,80,22.8525,19.0219,22.8992,22.8525,
25,8,131072,2048,layered,512/512/512,graph,81,23.7874,19.3920,23.8319,23.7874,
25,8,131072,2048,layered,512/512/512,graph,82,23.6266,18.5046,23.6701,23.6266,
25,8,131072,2048,layered,512/512/512,graph,83,23.8677,19.9093,23.9124,23.8677,
25,8,131072,2048,layered,512/512/512,graph,84,23.6976,19.0537,23.7405,23.6976,
25,8,131072,2048,layered,512/512/512,graph,85,23.8031,20.4267,23.8471,23.8031,
25,8,131072,2048,layered,512/512/512,graph,86,23.5677,18.8110,23.6103,23.5677,
25,8,131072,2048,layered,512/512/512,graph,87,23.9654,19.1174,24.0108,23.9654,
25,8,131072,2048,layered,512/512/512,graph,88,23.1269,18.7473,23.1757,23.1269,
25,8,131072,2048,layered,512/512/512,graph,89,23.6296,18.8428,23.6751,23.6296,
25,8,131072,2048,layered,512/512/512,graph,90,23.9971,18.5046,24.0397,23.9971,
25,8,131072,2048,layered,512/512/512,graph,91,23.8529,19.9412,23.8977,23.8529,
25,8,131072,2048,layered,512/512/512,graph,92,24.2122,17.7126,24.2549,24.2122,
25,8,131072,2048,layered,512/512/512,graph,93,22.4493,20.1521,22.4916,22.4493,
25,8,131072,2048,layered,512/512/512,graph,94,24.0528,18.5046,24.0962,24.0528,
25,8,131072,2048,layered,512/512/512,graph,95,23.6939,20.4585,23.7374,23.6939,
25,8,131072,2048,layered,512/512/512,graph,96,23.8166,18.7473,23.8614,23.8166,
25,8,131072,2048,layered,512/512/512,graph,97,23.6019,19.3920,23.6464,23.6019,
25,8,131072,2048,layered,512/512/512,graph,98,23.9063,18.7791,23.9527,23.9063,
25,8,131072,2048,layered,512/512/512,graph,99,24.1065,19.6666,24.1510,24.1065,
25,8,131072,2048,layered,512/512/512,graph,100,24.0244,18.2618,24.0717,24.0244,
25,8,131072,2048,layered,512/512/512,graph,101,23.7587,19.9093,23.8020,23.7587,
25,8,131072,2048,layered,512/512/512,graph,102,23.8663,17.9872,23.9112,23.8663,
25,8,131072,2048,layered,512/512/512,graph,103,23.7703,20.4585,23.8147,23.7703,
25,8,131072,2048,layered,512/512/512,graph,104,23.4158,19.0219,23.4596,23.4158,
25,8,131072,2048,layered,512/512/512,graph,105,23.4504,19.1174,23.4946,23.4504,
25,8,131072,2048,layered,512/512/512,graph,106,23.3069,19.0219,23.3531,23.3069,
25,8,131072,2048,layered,512/512/512,graph,107,23.7235,19.3920,23.7640,23.7235,
25,8,131072,2048,layered,512/512/512,graph,108,24.3031,18.2618,24.3473,24.3031,
25,8,131072,2048,layered,512/512/512,graph,109,23.8974,19.1174,23.9465,23.8974,
25,8,131072,2048,layered,512/512/512,graph,110,23.5846,18.2300,23.6281,23.5846,
25,8,131072,2048,layered,512/512/512,graph,111,23.1259,20.4267,23.1701,23.1259,
25,8,131072,2048,layered,512/512/512,graph,112,23.2724,18.7473,23.3156,23.2724,
25,8,131072,2048,layered,512/512/512,graph,113,23.5692,19.3920,23.6145,23.5692,
25,8,131072,2048,layered,512/512/512,graph,114,23.8025,18.2300,23.8507,23.8025,
25,8,131072,2048,layered,512/512/512,graph,115,24.2129,19.6666,24.2597,24.2129,
25,8,131072,2048,layered,512/512/512,graph,116,24.0929,18.7791,24.1410,24.0929,
25,8,131072,2048,layered,512/512/512,graph,117,23.9188,19.3920,23.9633,23.9188,
25,8,131072,2048,layered,512/512/512,graph,118,23.5782,18.5046,23.6225,23.5782,
25,8,131072,2048,layered,512/512/512,graph,119,22.6915,20.1521,22.7361,22.6915,
25,8,131072,2048,layered,512/512/512,graph,120,23.9501,18.5046,23.9939,23.9501,
25,8,131072,2048,layered,512/512/512,graph,121,23.6079,19.6666,23.6528,23.6079,
25,8,131072,2048,layered,512/512/512,graph,122,24.1044,18.5046,24.1472,24.1044,
25,8,131072,2048,layered,512/512/512,graph,123,23.6424,19.9412,23.6873,23.6424,
25,8,131072,2048,layered,512/512/512,graph,124,23.9284,17.9554,23.9713,23.9284,
25,8,131072,2048,layered,512/512/512,graph,125,23.8875,19.3920,23.9322,23.8875,
25,8,131072,2048,layered,512/512/512,graph,126,23.6916,18.5046,23.7349,23.6916,
25,8,131072,2048,layered,512/512/512,graph,127,23.3656,20.4267,23.4088,23.3656,
25,8,131072,2048,layered,512/512/512,graph,128,23.8532,18.7791,23.8969,23.8532,
25,8,131072,2048,layered,512/512/512,graph,129,24.1129,19.6666,24.1601,24.1129,
25,8,131072,2048,layered,512/512/512,graph,130,23.3562,18.7473,23.4070,23.3562,
25,8,131072,2048,layered,512/512/512,graph,131,23.8997,19.3920,23.9492,23.8997,
25,8,131072,2048,layered,512/512/512,graph,132,23.8538,18.5046,23.9004,23.8538,
25,8,131072,2048,layered,512/512/512,graph,133,23.9090,18.8428,23.9538,23.9090,
25,8,131072,2048,layered,512/512/512,graph,134,23.7649,18.5364,23.8110,23.7649,
25,8,131072,2048,layered,512/512/512,graph,135,23.3018,20.1521,23.3481,23.3018,
25,8,131072,2048,layered,512/512/512,graph,136,24.0670,18.5364,24.1128,24.0670,
25,8,131072,2048,layered,512/512/512,graph,137,23.9655,19.1174,24.0102,23.9655,
25,8,131072,2048,layered,512/512/512,graph,138,22.9609,19.0219,23.0043,22.9609,
25,8,131072,2048,layered,512/512/512,graph,139,23.9214,19.9093,23.9659,23.9214,
25,8,131072,2048,layered,512/512/512,graph,140,23.8727,18.7791,23.9160,23.8727,
25,8,131072,2048,layered,512/512/512,graph,141,23.8521,18.8428,23.9069,23.8521,
25,8,131072,2048,layered,512/512/512,graph,142,23.7947,18.8110,23.8383,23.7947,
25,8,131072,2048,layered,512/512/512,graph,143,22.9261,19.8457,22.9692,22.9261,
25,8,131072,2048,layered,512/512/512,graph,144,24.0604,18.8110,24.1045,24.0604,
25,8,131072,2048,layered,512/512/512,graph,145,23.8019,18.8428,23.8459,23.8019,
25,8,131072,2048,layered,512/512/512,graph,146,22.6329,18.7473,22.6764,22.6329,
25,8,131072,2048,layered,512/512/512,graph,147,23.2412,19.6347,23.2854,23.2412,
25,8,131072,2048,layered,512/512/512,graph,148,23.9085,18.2618,23.9522,23.9085,
25,8,131072,2048,layered,512/512/512,graph,149,23.8328,19.3920,23.8774,23.8328,
25,8,131072,2048,layered,512/512/512,graph,150,23.5719,18.5046,23.6143,23.5719,
25,8,131072,2048,layered,512/512/512,graph,151,22.4345,19.8775,22.4796,22.4345,
25,8,131072,2048,layered,512/512/512,graph,152,23.4885,18.7791,23.5318,23.4885,
25,8,131072,2048,layered,512/512/512,graph,153,23.6884,18.8428,23.7330,23.6884,
25,8,131072,2048,layered,512/512/512,graph,154,22.8455,19.0219,22.8886,22.8455,
25,8,131072,2048,layered,512/512/512,graph,155,23.7603,19.6347,23.8070,23.7603,
25,8,131072,2048,layered,512/512/512,graph,156,23.5074,18.7791,23.5511,23.5074,
25,8,131072,2048,layered,512/512/512,graph,157,24.1272,19.1174,24.1722,24.1272,
25,8,131072,2048,layered,512/512/512,graph,158,23.4793,18.2618,23.5282,23.4793,
25,8,131072,2048,layered,512/512/512,graph,159,23.0443,19.3283,23.0879,23.0443,
25,8,131072,2048,layered,512/512/512,graph,160,23.6409,19.0856,23.6854,23.6409,
25,8,131072,2048,layered,512/512/512,graph,161,23.8550,19.0856,23.8974,23.8550,
25,8,131072,2048,layered,512/512/512,graph,162,22.6892,19.5711,22.7342,22.6892,
25,8,131072,2048,layered,512/512/512,graph,163,23.0642,19.3283,23.1124,23.0642,
25,8,131072,2048,layered,512/512/512,graph,164,23.8684,19.3601,23.9130,23.8684,
25,8,131072,2048,layered,512/512/512,graph,165,23.6411,19.0856,23.6851,23.6411,
25,8,131072,2048,layered,512/512/512,graph,166,23.8436,18.2936,23.8886,23.8436,
25,8,131072,2048,layered,512/512/512,graph,167,23.4205,19.3283,23.4633,23.4205,
25,8,131072,2048,layered,512/512/512,graph,168,23.9475,18.8110,23.9916,23.9475,
25,8,131072,2048,layered,512/512/512,graph,169,23.8172,19.3601,23.8665,23.8172,
25,8,131072,2048,layered,512/512/512,graph,170,22.4901,19.2965,22.5365,22.4901,
25,8,131072,2048,layered,512/512/512,graph,171,23.5475,19.8775,23.5929,23.5475,
25,8,131072,2048,layered,512/512/512,graph,172,23.7848,18.5364,23.8264,23.7848,
25,8,131072,2048,layered,512/512/512,graph,173,23.8601,19.0856,23.9050,23.8601,
25,8,131072,2048,layered,512/512/512,graph,174,23.7500,18.5682,23.7959,23.7500,
25,8,131072,2048,layered,512/512/512,graph,175,23.7510,19.0537,23.7980,23.7510,
25,8,131072,2048,layered,512/512/512,graph,176,23.7504,19.0856,23.7954,23.7504,
25,8,131072,2048,layered,512/512/512,graph,177,23.7808,18.5682,23.8240,23.7808,
25,8,131072,2048,layered,512/512/512,graph,178,22.1957,19.5393,22.2386,22.1957,
25,8,131072,2048,layered,512/512/512,graph,179,23.1952,19.6029,23.2401,23.1952,
25,8,131072,2048,layered,512/512/512,graph,180,23.9527,18.8428,23.9967,23.9527,
25,8,131072,2048,layered,512/512/512,graph,181,23.7803,18.7791,23.8228,23.7803,
25,8,131072,2048,layered,512/512/512,graph,182,23.7228,19.0856,23.7682,23.7228,
25,8,131072,2048,layered,512/512/512,graph,183,23.7040,18.8110,23.7476,23.7040,
25,8,131072,2048,layered,512/512/512,graph,184,24.0335,18.5682,24.0771,24.0335,
25,8,131072,2048,layered,512/512/512,graph,185,23.9259,18.2936,23.9699,23.9259,
25,8,131072,2048,layered,512/512/512,graph,186,21.8685,19.8138,21.9121,21.8685,
25,8,131072,2048,layered,512/512/512,graph,187,22.7728,19.8457,22.8177,22.7728,
25,8,131072,2048,layered,512/512/512,graph,188,23.9516,18.2936,23.9953,23.9516,
25,8,131072,2048,layered,512/512/512,graph,189,23.0112,19.5711,23.0549,23.0112,
25,8,131072,2048,layered,512/512/512,graph,190,23.6640,19.0856,23.7112,23.6640,
25,8,131072,2048,layered,512/512/512,graph,191,23.6879,18.5682,23.7328,23.6879,
25,8,131072,2048,layered,512/512/512,graph,192,24.0334,18.2618,24.0773,24.0334,
25,8,131072,2048,layered,512/512/512,graph,193,23.7600,18.2936,23.8053,23.7600,
25,8,131072,2048,layered,512/512/512,graph,194,21.6406,19.5393,21.6856,21.6406,
25,8,131072,2048,layered,512/512/512,graph,195,22.7047,19.3283,22.7485,22.7047,
25,8,131072,2048,layered,512/512/512,graph,196,23.8749,18.8428,23.9189,23.8749,
25,8,131072,2048,layered,512/512/512,graph,197,22.2329,19.5393,22.2762,22.2329,
25,8,131072,2048,layered,512/512/512,graph,198,23.6393,18.8110,23.6826,23.6393,
25,8,131072,2048,layered,512/512/512,graph,199,23.8204,18.2936,23.8678,23.8204,
25,8,131072,2048,layered,768/768/768,graph,0,23.2513,17.6171,23.3019,23.2513,
25,8,131072,2048,layered,768/768/768,graph,1,23.4638,16.7934,23.5139,23.4638,
25,8,131072,2048,layered,768/768/768,graph,2,23.2260,17.6171,23.2708,23.2260,
25,8,131072,2048,layered,768/768/768,graph,3,23.5770,17.0679,23.6248,23.5770,
25,8,131072,2048,layered,768/768/768,graph,4,23.4276,16.8252,23.4720,23.4276,
25,8,131072,2048,layered,768/768/768,graph,5,23.6900,15.9696,23.7421,23.6900,
25,8,131072,2048,layered,768/768/768,graph,6,23.3149,18.1663,23.3629,23.3149,
25,8,131072,2048,layered,768/768/768,graph,7,22.6717,17.3107,22.7179,22.6717,
25,8,131072,2048,layered,768/768/768,graph,8,23.8547,18.1663,23.9022,23.8547,
25,8,131072,2048,layered,768/768/768,graph,9,23.5743,16.7934,23.6198,23.5743,
25,8,131072,2048,layered,768/768/768,graph,10,23.5678,17.6171,23.6112,23.5678,
25,8,131072,2048,layered,768/768/768,graph,11,23.6210,17.0679,23.6648,23.6210,
25,8,131072,2048,layered,768/768/768,graph,12,23.9167,16.8252,23.9623,23.9167,
25,8,131072,2048,layered,768/768/768,graph,13,23.5650,16.5188,23.6089,23.5650,
25,8,131072,2048,layered,768/768/768,graph,14,23.1020,17.8917,23.1458,23.1020,
25,8,131072,2048,layered,768/768/768,graph,15,23.3525,16.5188,23.3973,23.3525,
25,8,131072,2048,layered,768/768/768,graph,16,23.1823,17.6171,23.2261,23.1823,
25,8,131072,2048,layered,768/768/768,graph,17,23.2291,17.0679,23.2735,23.2291,
25,8,131072,2048,layered,768/768/768,graph,18,23.5317,17.6171,23.5749,23.5317,
25,8,131072,2048,layered,768/768/768,graph,19,23.7674,17.3425,23.8150,23.7674,
25,8,131072,2048,layered,768/768/768,graph,20,23.5642,16.2760,23.6101,23.5642,
25,8,131072,2048,layered,768/768/768,graph,21,23.8837,16.7934,23.9274,23.8837,
25,8,131072,2048,layered,768/768/768,graph,22,23.1951,17.8917,23.2404,23.1951,
25,8,131072,2048,layered,768/768/768,graph,23,23.8788,16.7934,23.9265,23.8788,
25,8,131072,2048,layered,768/768/768,graph,24,23.4972,17.8917,23.5418,23.4972,
25,8,131072,2048,layered,768/768/768,graph,25,23.5749,16.7934,23.6218,23.5749,
25,8,131072,2048,layered,768/768/768,graph,26,23.2801,17.6171,23.3254,23.2801,
25,8,131072,2048,layered,768/768/768,graph,27,23.7604,17.3425,23.8066,23.7604,
25,8,131072,2048,layered,768/768/768,graph,28,23.3695,16.7934,23.4124,23.3695,
25,8,131072,2048,layered,768/768/768,graph,29,23.5512,17.6171,23.6013,23.5512,
25,8,131072,2048,layered,768/768/768,graph,30,23.4088,17.3425,23.4533,23.4088,
25,8,131072,2048,layered,768/768/768,graph,31,23.7569,17.3425,23.8009,23.7569,
25,8,131072,2048,layered,768/768/768,graph,32,23.9326,17.6171,23.9754,23.9326,
25,8,131072,2048,layered,768/768/768,graph,33,23.5843,17.0679,23.6277,23.5843,
25,8,131072,2048,layered,768/768/768,graph,34,23.6675,17.0679,23.7116,23.6675,
25,8,131072,2048,layered,768/768/768,graph,35,23.7981,17.6171,23.8417,23.7981,
25,8,131072,2048,layered,768/768/768,graph,36,23.7890,17.3425,23.8322,23.7890,
25,8,131072,2048,layered,768/768/768,graph,37,23.3698,17.0679,23.4142,23.3698,
25,8,131072,2048,layered,768/768/768,graph,38,23.8627,17.6171,23.9065,23.8627,
25,8,131072,2048,layered,768/768/768,graph,39,23.3300,17.0679,23.3738,23.3300,
25,8,131072,2048,layered,768/768/768,graph,40,23.4972,17.3425,23.5423,23.4972,
25,8,131072,2048,layered,768/768/768,graph,41,23.1397,17.3425,23.1848,23.1397,
25,8,131072,2048,layered,768/768/768,graph,42,23.5577,16.7934,23.5980,23.5577,
25,8,131072,2048,layered,768/768/768,graph,43,23.0316,17.6171,23.0788,23.0316,
25,8,131072,2048,layered,768/768/768,graph,44,23.5856,16.7934,23.6428,23.5856,
25,8,131072,2048,layered,768/768/768,graph,45,23.5236,17.3425,23.5684,23.5236,
25,8,131072,2048,layered,768/768/768,graph,46,23.4597,17.3425,23.5104,23.4597,
25,8,131072,2048,layered,768/768/768,graph,47,23.3732,17.0679,23.4171,23.3732,
25,8,131072,2048,layered,768/768/768,graph,48,23.3072,17.3425,23.3534,23.3072,
25,8,131072,2048,layered,768/768/768,graph,49,23.4365,17.0679,23.4821,23.4365,
25,8,131072,2048,layered,768/768/768,graph,50,23.3643,16.7934,23.4085,23.3643,
25,8,131072,2048,layered,768/768/768,graph,51,23.6040,17.6171,23.6482,23.6040,
25,8,131072,2048,layered,768/768/768,graph,52,23.5733,17.3425,23.6176,23.5733,
25,8,131072,2048,layered,768/768/768,graph,53,23.6399,17.0679,23.6844,23.6399,
25,8,131072,2048,layered,768/768/768,graph,54,23.7521,17.6171,23.7957,23.7521,
25,8,131072,2048,layered,768/768/768,graph,55,23.4124,17.0679,23.4579,23.4124,
25,8,131072,2048,layered,768/768/768,graph,56,23.3724,17.0679,23.4205,23.3724,
25,8,131072,2048,layered,768/768/768,graph,57,23.6706,17.6171,23.7148,23.6706,
25,8,131072,2048,layered,768/768/768,graph,58,23.9808,17.0679,24.0244,23.9808,
25,8,131072,2048,layered,768/768/768,graph,59,23.6606,17.3425,23.7051,23.6606,
25,8,131072,2048,layered,768/768/768,graph,60,23.6416,17.3425,23.6856,23.6416,
25,8,131072,2048,layered,768/768/768,graph,61,23.5173,17.3425,23.5616,23.5173,
25,8,131072,2048,layered,768/768/768,graph,62,23.5582,17.0679,23.6024,23.5582,
25,8,131072,2048,layered,768/768/768,graph,63,23.5299,17.3425,23.5732,23.5299,
25,8,131072,2048,layered,768/768/768,graph,64,23.5543,17.3425,23.5999,23.5543,
25,8,131072,2048,layered,768/768/768,graph,65,23.5643,17.6171,23.6082,23.5643,
25,8,131072,2048,layered,768/768/768,graph,66,23.9197,17.3425,23.9634,23.9197,
25,8,131072,2048,layered,768/768/768,graph,67,23.3158,17.3425,23.3589,23.3158,
25,8,131072,2048,layered,768/768/768,graph,68,23.7495,17.3425,23.7920,23.7495,
25,8,131072,2048,layered,768/768/768,graph,69,23.2090,17.0679,23.2524,23.2090,
25,8,131072,2048,layered,768/768/768,graph,70,23.1953,17.0679,23.2393,23.1953,
25,8,131072,2048,layered,768/768/768,graph,71,23.2565,16.7934,23.2988,23.2565,
25,8,131072,2048,layered,768/768/768,graph,72,23.5063,16.2760,23.5543,23.5063,
25,8,131072,2048,layered,768/768/768,graph,73,23.2222,16.5188,23.2665,23.2222,
25,8,131072,2048,layered,768/768/768,graph,74,22.9263,17.0679,22.9705,22.9263,
25,8,131072,2048,layered,768/768/768,graph,75,23.2961,16.7934,23.3401,23.2961,
25,8,131072,2048,layered,768/768/768,graph,76,22.9409,17.0679,22.9858,22.9409,
25,8,131072,2048,layered,768/768/768,graph,77,23.3492,17.0679,23.4014,23.3492,
25,8,131072,2048,layered,768/768/768,graph,78,23.2206,17.0679,23.2679,23.2206,
25,8,131072,2048,layered,768/768/768,graph,79,23.4411,17.0679,23.4947,23.4411,
25,8,131072,2048,layered,768/768/768,graph,80,23.1515,16.7934,23.1966,23.1515,
25,8,131072,2048,layered,768/768/768,graph,81,23.1427,17.0679,23.1874,23.1427,
25,8,131072,2048,layered,768/768/768,graph,82,23.2831,17.0679,23.3279,23.2831,
25,8,131072,2048,layered,768/768/768,graph,83,23.8353,16.0014,23.8810,23.8353,
25,8,131072,2048,layered,768/768/768,graph,84,23.2414,17.0679,23.2854,23.2414,
25,8,131072,2048,layered,768/768/768,graph,85,23.2649,17.0679,23.3094,23.2649,
25,8,131072,2048,layered,768/768/768,graph,86,23.5097,17.0679,23.5524,23.5097,
25,8,131072,2048,layered,768/768/768,graph,87,23.2924,17.0679,23.3355,23.2924,
25,8,131072,2048,layered,768/768/768,graph,88,23.8626,16.0014,23.9073,23.8626,
25,8,131072,2048,layered,768/768/768,graph,89,23.5211,17.3425,23.5647,23.5211,
25,8,131072,2048,layered,768/768/768,graph,90,23.6554,16.7934,23.6985,23.6554,
25,8,131072,2048,layered,768/768/768,graph,91,23.8895,16.2760,23.9337,23.8895,
25,8,131072,2048,layered,768/768/768,graph,92,23.6347,17.0679,23.6780,23.6347,
25,8,131072,2048,layered,768/768/768,graph,93,23.4720,17.6171,23.5149,23.4720,
25,8,131072,2048,layered,768/768/768,graph,94,23.9458,17.0679,23.9891,23.9458,
25,8,131072,2048,layered,768/768/768,graph,95,23.5391,17.3425,23.5850,23.5391,
25,8,131072,2048,layered,768/768/768,graph,96,23.7239,17.3425,23.7703,23.7239,
25,8,131072,2048,layered,768/768/768,graph,97,23.2096,17.3425,23.2546,23.2096,
25,8,131072,2048,layered,768/768/768,graph,98,23.8763,17.3425,23.9210,23.8763,
25,8,131072,2048,layered,768/768/768,graph,99,23.3124,15.7268,23.3595,23.3124,
25,8,131072,2048,layered,768/768/768,graph,100,23.5389,17.6171,23.5835,23.5389,
25,8,131072,2048,layered,768/768/768,graph,101,22.2192,17.5853,22.2663,22.2192,
25,8,131072,2048,layered,768/768/768,graph,102,23.6410,17.6171,23.6907,23.6410,
25,8,131072,2048,layered,768/768/768,graph,103,24.0644,17.3425,24.1133,24.0644,
25,8,131072,2048,layered,768/768/768,graph,104,23.6993,17.0679,23.7473,23.6993,
25,8,131072,2048,layered,768/768/768,graph,105,23.2511,17.6171,23.3001,23.2511,
25,8,131072,2048,layered,768/768/768,graph,106,23.5188,16.5188,23.5643,23.5188,
25,8,131072,2048,layered,768/768/768,graph,107,23.7919,16.0014,23.8347,23.7919,
25,8,131072,2048,layered,768/768/768,graph,108,23.6259,16.2760,23.6756,23.6259,
25,8,131072,2048,layered,768/768/768,graph,109,21.6613,17.8599,21.7074,21.6613,
25,8,131072,2048,layered,768/768/768,graph,110,23.1447,17.0679,23.1896,23.1447,
25,8,131072,2048,layered,768/768/768,graph,111,23.5824,17.3425,23.6281,23.5824,
25,8,131072,2048,layered,768/768/768,graph,112,23.2431,17.3425,23.2873,23.2431,
25,8,131072,2048,layered,768/768/768,graph,113,23.6890,17.3425,23.7357,23.6890,
25,8,131072,2048,layered,768/768/768,graph,114,23.6931,17.3425,23.7397,23.6931,
25,8,131072,2048,layered,768/768/768,graph,115,23.8380,16.0014,23.8962,23.8380,
25,8,131072,2048,layered,768/768/768,graph,116,23.5280,16.2760,23.5762,23.5280,
25,8,131072,2048,layered,768/768/768,graph,117,23.6791,17.0679,23.7255,23.6791,
25,8,131072,2048,layered,768/768/768,graph,118,23.7543,17.6171,23.8000,23.7543,
25,8,131072,2048,layered,768/768/768,graph,119,23.2670,17.0679,23.3149,23.2670,
25,8,131072,2048,layered,768/768/768,graph,120,23.6144,17.8917,23.6590,23.6144,
25,8,131072,2048,layered,768/768/768,graph,121,23.4853,17.0679,23.5327,23.4853,
25,8,131072,2048,layered,768/768/768,graph,122,23.5206,16.5506,23.5681,23.5206,
25,8,131072,2048,layered,768/768/768,graph,123,23.5520,16.5188,23.5987,23.5520,
25,8,131072,2048,layered,768/768/768,graph,124,23.7322,17.0998,23.7863,23.7322,
25,8,131072,2048,layered,768/768/768,graph,125,23.5355,16.2442,23.5803,23.5355,
25,8,131072,2048,layered,768/768/768,graph,126,23.7449,18.1663,23.7889,23.7449,
25,8,131072,2048,layered,768/768/768,graph,127,23.4690,17.0679,23.5149,23.4690,
25,8,131072,2048,layered,768/768/768,graph,128,23.9300,18.1663,23.9743,23.9300,
25,8,131072,2048,layered,768/768/768,graph,129,23.6695,16.5188,23.7151,23.6695,
25,8,131072,2048,layered,768/768/768,graph,130,23.4282,16.5506,23.4728,23.4282,
25,8,131072,2048,layered,768/768/768,graph,131,23.8542,16.5188,23.8988,23.8542,
25,8,131072,2048,layered,768/768/768,graph,132,23.6568,16.8252,23.7039,23.6568,
25,8,131072,2048,layered,768/768/768,graph,133,22.7556,17.8599,22.8017,22.7556,
25,8,131072,2048,layered,768/768/768,graph,134,23.7364,17.8917,23.7819,23.7364,
25,8,131072,2048,layered,768/768/768,graph,135,23.6555,16.7934,23.7014,23.6555,
25,8,131072,2048,layered,768/768/768,graph,136,23.5431,18.4409,23.5877,23.5431,
25,8,131072,2048,layered,768/768/768,graph,137,23.5233,16.7934,23.5696,23.5233,
25,8,131072,2048,layered,768/768/768,graph,138,23.0982,16.2760,23.1442,23.0982,
25,8,131072,2048,layered,768/768/768,graph,139,23.3988,16.2442,23.4445,23.3988,
25,8,131072,2048,layered,768/768/768,graph,140,23.5050,16.8252,23.5509,23.5050,
25,8,131072,2048,layered,768/768/768,graph,141,23.9188,16.7934,23.9964,23.9188,
25,8,131072,2048,layered,768/768/768,graph,142,23.4252,18.1663,23.4816,23.4252,
25,8,131072,2048,layered,768/768/768,graph,143,22.8403,17.0361,22.8874,22.8403,
25,8,131072,2048,layered,768/768/768,graph,144,23.7924,17.8917,23.8379,23.7924,
25,8,131072,2048,layered,768/768/768,graph,145,22.5284,17.3107,22.5728,22.5284,
25,8,131072,2048,layered,768/768/768,graph,146,23.2687,16.2760,23.3149,23.2687,
25,8,131072,2048,layered,768/768/768,graph,147,23.6270,17.0679,23.6733,23.6270,
25,8,131072,2048,layered,768/768/768,graph,148,23.6567,16.5506,23.7028,23.6567,
25,8,131072,2048,layered,768/768/768,graph,149,23.7562,16.7934,23.8024,23.7562,
25,8,131072,2048,layered,768/768/768,graph,150,23.4752,17.6171,23.5211,23.4752,
25,8,131072,2048,layered,768/768/768,graph,151,23.3999,16.7934,23.4456,23.3999,
25,8,131072,2048,layered,768/768/768,graph,152,23.9537,18.4409,23.9974,23.9537,
25,8,131072,2048,layered,768/768/768,graph,153,23.5493,16.5188,23.5943,23.5493,
25,8,131072,2048,layered,768/768/768,graph,154,23.3324,16.2760,23.3795,23.3324,
25,8,131072,2048,layered,768/768/768,graph,155,23.7983,17.6171,23.8432,23.7983,
25,8,131072,2048,layered,768/768/768,graph,156,23.6135,16.5506,23.6591,23.6135,
25,8,131072,2048,layered,768/768/768,graph,157,22.9677,17.5853,23.0119,22.9677,
25,8,131072,2048,layered,768/768/768,graph,158,23.9981,17.3744,24.0445,23.9981,
25,8,131072,2048,layered,768/768/768,graph,159,22.9751,16.7615,23.0186,22.9751,
25,8,131072,2048,layered,768/768/768,graph,160,23.4372,18.9901,23.4818,23.4372,
25,8,131072,2048,layered,768/768/768,graph,161,23.9591,15.7268,24.0069,23.9591,
25,8,131072,2048,layered,768/768/768,graph,162,23.4326,16.2760,23.4790,23.4326,
25,8,131072,2048,layered,768/768/768,graph,163,23.8505,15.9696,23.8945,23.8505,
25,8,131072,2048,layered,768/768/768,graph,164,23.5533,17.3744,23.5993,23.5533,
25,8,131072,2048,layered,768/768/768,graph,165,24.2429,16.5188,24.2880,24.2429,
25,8,131072,2048,layered,768/768/768,graph,166,23.8815,17.3744,23.9266,23.8815,
25,8,131072,2048,layered,768/768/768,graph,167,23.9162,16.5188,23.9601,23.9162,
25,8,131072,2048,layered,768/768/768,graph,168,23.7103,18.4409,23.7526,23.7103,
25,8,131072,2048,layered,768/768/768,graph,169,23.9318,16.5188,23.9768,23.9318,
25,8,131072,2048,layered,768/768/768,graph,170,23.7935,16.8252,23.8470,23.7935,
25,8,131072,2048,layered,768/768/768,graph,171,23.8676,16.7934,23.9149,23.8676,
25,8,131072,2048,layered,768/768/768,graph,172,23.9106,16.5506,23.9513,23.9106,
25,8,131072,2048,layered,768/768/768,graph,173,23.5992,16.7934,23.6444,23.5992,
25,8,131072,2048,layered,768/768/768,graph,174,23.4233,17.3425,23.4664,23.4233,
25,8,131072,2048,layered,768/768/768,graph,175,23.1817,16.7934,23.2280,23.1817,
25,8,131072,2048,layered,768/768/768,graph,176,23.4251,17.6171,23.4687,23.4251,
25,8,131072,2048,layered,768/768/768,graph,177,23.4139,16.5188,23.4585,23.4139,
25,8,131072,2048,layered,768/768/768,graph,178,23.1123,17.3425,23.1575,23.1123,
25,8,131072,2048,layered,768/768/768,graph,179,21.2542,16.7615,21.2995,21.2542,
25,8,131072,2048,layered,768/768/768,graph,180,24.2740,16.5506,24.3186,24.2740,
25,8,131072,2048,layered,768/768/768,graph,181,22.7010,16.2442,22.7494,22.7010,
25,8,131072,2048,layered,768/768/768,graph,182,22.6954,17.0679,22.7391,22.6954,
25,8,131072,2048,layered,768/768/768,graph,183,23.2287,16.5188,23.2716,23.2287,
25,8,131072,2048,layered,768/768/768,graph,184,22.7166,17.0679,22.7611,22.7166,
25,8,131072,2048,layered,768/768/768,graph,185,23.3250,16.7934,23.3688,23.3250,
25,8,131072,2048,layered,768/768/768,graph,186,23.2746,17.3425,23.3185,23.2746,
25,8,131072,2048,layered,768/768/768,graph,187,21.7831,17.3107,21.8265,21.7831,
25,8,131072,2048,layered,768/768/768,graph,188,23.2790,17.0679,23.3219,23.2790,
25,8,131072,2048,layered,768/768/768,graph,189,23.5829,17.0679,23.6359,23.5829,
25,8,131072,2048,layered,768/768/768,graph,190,23.1975,17.0679,23.2457,23.1975,
25,8,131072,2048,layered,768/768/768,graph,191,23.6051,17.3425,23.6498,23.6051,
25,8,131072,2048,layered,768/768/768,graph,192,23.4535,17.0679,23.4989,23.4535,
25,8,131072,2048,layered,768/768/768,graph,193,23.7262,17.3425,23.7713,23.7262,
25,8,131072,2048,layered,768/768/768,graph,194,23.1452,17.3425,23.1895,23.1452,
25,8,131072,2048,layered,768/768/768,graph,195,23.7147,17.0679,23.7570,23.7147,
25,8,131072,2048,layered,768/768/768,graph,196,23.3243,17.0679,23.3701,23.3243,
25,8,131072,2048,layered,768/768/768,graph,197,23.6159,17.0679,23.6593,23.6159,
25,8,131072,2048,layered,768/768/768,graph,198,23.7354,17.3425,23.7816,23.7354,
25,8,131072,2048,layered,768/768/768,graph,199,23.7948,17.6171,23.8384,23.7948,
25,8,131072,2048,hyprefill,1024/2048/2048,graph,0,24.1183,16.0332,24.2857,24.1183,
25,8,131072,2048,hyprefill,1024/2048/2048,graph,1,24.1275,15.7268,24.1751,24.1275,
25,8,131072,2048,hyprefill,1024/2048/2048,graph,2,23.9006,16.2760,23.9476,23.9006,
25,8,131072,2048,hyprefill,1024/2048/2048,graph,3,24.0205,15.6950,24.0642,24.0205,
25,8,131072,2048,hyprefill,1024/2048/2048,graph,4,24.1017,16.5506,24.1543,24.1017,
25,8,131072,2048,hyprefill,1024/2048/2048,graph,5,24.1342,15.4841,24.1804,24.1342,
25,8,131072,2048,hyprefill,1024/2048/2048,graph,6,24.2907,15.1776,24.3401,24.2907,
25,8,131072,2048,hyprefill,1024/2048/2048,graph,7,23.9824,16.8252,24.0291,23.9824,
25,8,131072,2048,hyprefill,1024/2048/2048,graph,8,24.1950,15.1776,24.2396,24.1950,
25,8,131072,2048,hyprefill,1024/2048/2048,graph,9,24.1095,16.3078,24.1555,24.1095,
25,8,131072,2048,hyprefill,1024/2048/2048,graph,10,24.2659,14.6285,24.3145,24.2659,
25,8,131072,2048,hyprefill,1024/2048/2048,graph,11,24.2768,16.3078,24.3234,24.2768,
25,8,131072,2048,hyprefill,1024/2048/2048,graph,12,24.3360,15.1776,24.3838,24.3360,
25,8,131072,2048,hyprefill,1024/2048/2048,graph,13,24.0841,16.0014,24.1273,24.0841,
25,8,131072,2048,hyprefill,1024/2048/2048,graph,14,24.0489,15.2095,24.0944,24.0489,
25,8,131072,2048,hyprefill,1024/2048/2048,graph,15,24.1183,16.2760,24.1668,24.1183,
25,8,131072,2048,hyprefill,1024/2048/2048,graph,16,24.0847,16.2760,24.1299,24.0847,
25,8,131072,2048,hyprefill,1024/2048/2048,graph,17,24.1205,15.4204,24.1642,24.1205,
25,8,131072,2048,hyprefill,1024/2048/2048,graph,18,24.0264,16.3078,24.0722,24.0264,
25,8,131072,2048,hyprefill,1024/2048/2048,graph,19,24.0840,15.1776,24.1303,24.0840,
25,8,131072,2048,hyprefill,1024/2048/2048,graph,20,23.9611,17.0998,24.0111,23.9611,
25,8,131072,2048,hyprefill,1024/2048/2048,graph,21,24.0398,15.4522,24.0857,24.0398,
25,8,131072,2048,hyprefill,1024/2048/2048,graph,22,24.4737,15.7586,24.5237,24.4737,
25,8,131072,2048,hyprefill,1024/2048/2048,graph,23,24.0923,15.2095,24.1383,24.0923,
25,8,131072,2048,hyprefill,1024/2048/2048,graph,24,24.2366,15.1776,24.2826,24.2366,
25,8,131072,2048,hyprefill,1024/2048/2048,graph,25,23.9220,16.8252,23.9670,23.9220,
25,8,131072,2048,hyprefill,1024/2048/2048,graph,26,23.6845,15.4204,23.7285,23.6845,
25,8,131072,2048,hyprefill,1024/2048/2048,graph,27,24.1806,16.3078,24.2274,24.1806,
25,8,131072,2048,hyprefill,1024/2048/2048,graph,28,24.1042,15.1776,24.1499,24.1042,
25,8,131072,2048,hyprefill,1024/2048/2048,graph,29,23.9962,16.8252,24.0405,23.9962,
25,8,131072,2048,hyprefill,1024/2048/2048,graph,30,23.7256,15.9696,23.7708,23.7256,
25,8,131072,2048,hyprefill,1024/2048/2048,graph,31,24.5596,15.4841,24.6100,24.5596,
25,8,131072,2048,hyprefill,1024/2048/2048,graph,32,24.2679,15.4841,24.3147,24.2679,
25,8,131072,2048,hyprefill,1024/2048/2048,graph,33,24.2311,14.9349,24.2770,24.2311,
25,8,131072,2048,hyprefill,1024/2048/2048,graph,34,24.0907,16.0014,24.1354,24.0907,
25,8,131072,2048,hyprefill,1024/2048/2048,graph,35,24.1700,15.7268,24.2158,24.1700,
25,8,131072,2048,hyprefill,1024/2048/2048,graph,36,24.1988,16.0332,24.2490,24.1988,
25,8,131072,2048,hyprefill,1024/2048/2048,graph,37,23.8033,15.4522,23.8499,23.8033,
25,8,131072,2048,hyprefill,1024/2048/2048,graph,38,24.0901,16.5188,24.1327,24.0901,
25,8,131072,2048,hyprefill,1024/2048/2048,graph,39,24.1079,15.7268,24.1516,24.1079,
25,8,131072,2048,hyprefill,1024/2048/2048,graph,40,24.3035,16.0014,24.3487,24.3035,
25,8,131072,2048,hyprefill,1024/2048/2048,graph,41,24.2268,15.2095,24.2724,24.2268,
25,8,131072,2048,hyprefill,1024/2048/2048,graph,42,24.2138,15.4841,24.2543,24.2138,
25,8,131072,2048,hyprefill,1024/2048/2048,graph,43,24.2156,15.7268,24.2606,24.2156,
25,8,131072,2048,hyprefill,1024/2048/2048,graph,44,24.0680,16.0014,24.1140,24.0680,
25,8,131072,2048,hyprefill,1024/2048/2048,graph,45,24.5833,15.2095,24.6348,24.5833,
25,8,131072,2048,hyprefill,1024/2048/2048,graph,46,24.0380,16.5506,24.0897,24.0380,
25,8,131072,2048,hyprefill,1024/2048/2048,graph,47,23.6553,15.4204,23.7013,23.6553,
25,8,131072,2048,hyprefill,1024/2048/2048,graph,48,24.0202,16.0332,24.0670,24.0202,
25,8,131072,2048,hyprefill,1024/2048/2048,graph,49,23.9560,15.4522,24.0005,23.9560,
25,8,131072,2048,hyprefill,1024/2048/2048,graph,50,24.1227,15.4841,24.1791,24.1227,
25,8,131072,2048,hyprefill,1024/2048/2048,graph,51,24.0774,15.7268,24.1213,24.0774,
25,8,131072,2048,hyprefill,1024/2048/2048,graph,52,24.1710,16.2760,24.2171,24.1710,
25,8,131072,2048,hyprefill,1024/2048/2048,graph,53,23.8924,16.0014,23.9382,23.8924,
25,8,131072,2048,hyprefill,1024/2048/2048,graph,54,24.2488,15.1776,24.3036,24.2488,
25,8,131072,2048,hyprefill,1024/2048/2048,graph,55,24.2276,16.0332,24.2714,24.2276,
25,8,131072,2048,hyprefill,1024/2048/2048,graph,56,24.1108,15.1776,24.1606,24.1108,
25,8,131072,2048,hyprefill,1024/2048/2048,graph,57,24.0015,16.3078,24.0468,24.0015,
25,8,131072,2048,hyprefill,1024/2048/2048,graph,58,24.1447,14.6603,24.1898,24.1447,
25,8,131072,2048,hyprefill,1024/2048/2048,graph,59,24.0067,15.7586,24.0499,24.0067,
25,8,131072,2048,hyprefill,1024/2048/2048,graph,60,23.9334,15.4522,23.9777,23.9334,
25,8,131072,2048,hyprefill,1024/2048/2048,graph,61,24.0844,15.7268,24.1293,24.0844,
25,8,131072,2048,hyprefill,1024/2048/2048,graph,62,23.9478,16.8252,23.9914,23.9478,
25,8,131072,2048,hyprefill,1024/2048/2048,graph,63,24.2786,14.3539,24.3219,24.2786,
25,8,131072,2048,hyprefill,1024/2048/2048,graph,64,23.9723,17.1316,24.0186,23.9723,
25,8,131072,2048,hyprefill,1024/2048/2048,graph,65,24.0786,13.8047,24.1275,24.0786,
25,8,131072,2048,hyprefill,1024/2048/2048,graph,66,24.0975,17.1316,24.1459,24.0975,
25,8,131072,2048,hyprefill,1024/2048/2048,graph,67,24.1846,14.3539,24.2366,24.1846,
25,8,131072,2048,hyprefill,1024/2048/2048,graph,68,24.0201,16.3078,24.0670,24.0201,
25,8,131072,2048,hyprefill,1024/2048/2048,graph,69,24.0031,15.4522,24.0484,24.0031,
25,8,131072,2048,hyprefill,1024/2048/2048,graph,70,23.9902,15.4522,24.0388,23.9902,
25,8,131072,2048,hyprefill,1024/2048/2048,graph,71,23.6183,16.5506,23.6668,23.6183,
25,8,131072,2048,hyprefill,1024/2048/2048,graph,72,23.9274,14.6285,23.9737,23.9274,
25,8,131072,2048,hyprefill,1024/2048/2048,graph,73,24.1473,16.8570,24.1935,24.1473,
25,8,131072,2048,hyprefill,1024/2048/2048,graph,74,24.1402,14.8712,24.1851,24.1402,
25,8,131072,2048,hyprefill,1024/2048/2048,graph,75,23.9651,16.5824,24.0117,23.9651,
25,8,131072,2048,hyprefill,1024/2048/2048,graph,76,24.0028,14.6603,24.0506,24.0028,
25,8,131072,2048,hyprefill,1024/2048/2048,graph,77,24.2488,15.4841,24.2953,24.2488,
25,8,131072,2048,hyprefill,1024/2048/2048,graph,78,24.1756,15.7268,24.2246,24.1756,
25,8,131072,2048,hyprefill,1024/2048/2048,graph,79,24.1640,15.7268,24.2081,24.1640,
25,8,131072,2048,hyprefill,1024/2048/2048,graph,80,23.9534,16.2760,23.9967,23.9534,
25,8,131072,2048,hyprefill,1024/2048/2048,graph,81,24.1178,15.4522,24.1623,24.1178,
25,8,131072,2048,hyprefill,1024/2048/2048,graph,82,24.0308,16.5824,24.0803,24.0308,
25,8,131072,2048,hyprefill,1024/2048/2048,graph,83,23.9543,14.8712,23.9987,23.9543,
25,8,131072,2048,hyprefill,1024/2048/2048,graph,84,24.1744,16.3078,24.2219,24.1744,
25,8,131072,2048,hyprefill,1024/2048/2048,graph,85,24.0698,14.9349,24.1150,24.0698,
25,8,131072,2048,hyprefill,1024/2048/2048,graph,86,24.2077,15.7268,24.2521,24.2077,
25,8,131072,2048,hyprefill,1024/2048/2048,graph,87,24.1673,16.5506,24.2116,24.1673,
25,8,131072,2048,hyprefill,1024/2048/2048,graph,88,23.9413,14.9031,23.9848,23.9413,
25,8,131072,2048,hyprefill,1024/2048/2048,graph,89,24.0700,16.8570,24.1190,24.0700,
25,8,131072,2048,hyprefill,1024/2048/2048,graph,90,24.0257,14.5966,24.0736,24.0257,
25,8,131072,2048,hyprefill,1024/2048/2048,graph,91,23.7653,17.1316,23.8198,23.7653,
25,8,131072,2048,hyprefill,1024/2048/2048,graph,92,24.1236,14.8712,24.1698,24.1236,
25,8,131072,2048,hyprefill,1024/2048/2048,graph,93,23.9081,16.3078,23.9542,23.9081,
25,8,131072,2048,hyprefill,1024/2048/2048,graph,94,24.0720,14.9349,24.1196,24.0720,
25,8,131072,2048,hyprefill,1024/2048/2048,graph,95,24.1489,15.4841,24.1946,24.1489,
25,8,131072,2048,hyprefill,1024/2048/2048,graph,96,24.0963,16.0014,24.1447,24.0963,
25,8,131072,2048,hyprefill,1024/2048/2048,graph,97,24.0847,15.7268,24.1288,24.0847,
25,8,131072,2048,hyprefill,1024/2048/2048,graph,98,24.1040,16.2760,24.1497,24.1040,
25,8,131072,2048,hyprefill,1024/2048/2048,graph,99,23.5764,15.4204,23.6200,23.5764,
25,8,131072,2048,hyprefill,1024/2048/2048,graph,100,24.0724,16.8570,24.1210,24.0724,
25,8,131072,2048,hyprefill,1024/2048/2048,graph,101,24.0213,15.1458,24.0712,24.0213,
25,8,131072,2048,hyprefill,1024/2048/2048,graph,102,24.1593,17.0998,24.2096,24.1593,
25,8,131072,2048,hyprefill,1024/2048/2048,graph,103,23.9317,14.9349,23.9799,23.9317,
25,8,131072,2048,hyprefill,1024/2048/2048,graph,104,24.2419,15.4841,24.2885,24.2419,
25,8,131072,2048,hyprefill,1024/2048/2048,graph,105,24.0271,16.0014,24.0740,24.0271,
25,8,131072,2048,hyprefill,1024/2048/2048,graph,106,24.1956,15.1776,24.2415,24.1956,
25,8,131072,2048,hyprefill,1024/2048/2048,graph,107,23.7242,16.5506,23.7647,23.7242,
25,8,131072,2048,hyprefill,1024/2048/2048,graph,108,23.9614,15.6950,24.0075,23.9614,
25,8,131072,2048,hyprefill,1024/2048/2048,graph,109,24.1024,16.3078,24.1503,24.1024,
25,8,131072,2048,hyprefill,1024/2048/2048,graph,110,24.0022,15.1776,24.0537,24.0022,
25,8,131072,2048,hyprefill,1024/2048/2048,graph,111,24.1573,16.0014,24.2026,24.1573,
25,8,131072,2048,hyprefill,1024/2048/2048,graph,112,24.1982,15.4841,24.2457,24.1982,
25,8,131072,2048,hyprefill,1024/2048/2048,graph,113,23.7993,16.0014,23.8589,23.7993,
25,8,131072,2048,hyprefill,1024/2048/2048,graph,114,23.9334,16.2760,23.9903,23.9334,
25,8,131072,2048,hyprefill,1024/2048/2048,graph,115,24.0751,15.4522,24.1217,24.0751,
25,8,131072,2048,hyprefill,1024/2048/2048,graph,116,23.9977,16.3078,24.0447,23.9977,
25,8,131072,2048,hyprefill,1024/2048/2048,graph,117,24.1207,15.1458,24.1662,24.1207,
25,8,131072,2048,hyprefill,1024/2048/2048,graph,118,24.0472,16.8570,24.0939,24.0472,
25,8,131072,2048,hyprefill,1024/2048/2048,graph,119,24.2947,15.1776,24.3408,24.2947,
25,8,131072,2048,hyprefill,1024/2048/2048,graph,120,24.1726,16.5506,24.2180,24.1726,
25,8,131072,2048,hyprefill,1024/2048/2048,graph,121,23.9689,15.2095,24.0153,23.9689,
25,8,131072,2048,hyprefill,1024/2048/2048,graph,122,24.1834,15.4522,24.2281,24.1834,
25,8,131072,2048,hyprefill,1024/2048/2048,graph,123,23.8600,16.2760,23.9142,23.8600,
25,8,131072,2048,hyprefill,1024/2048/2048,graph,124,24.3858,15.1776,24.4362,24.3858,
25,8,131072,2048,hyprefill,1024/2048/2048,graph,125,24.0754,16.3078,24.1290,24.0754,
25,8,131072,2048,hyprefill,1024/2048/2048,graph,126,24.1185,15.1776,24.1666,24.1185,
25,8,131072,2048,hyprefill,1024/2048/2048,graph,127,24.0933,16.3078,24.1412,24.0933,
25,8,131072,2048,hyprefill,1024/2048/2048,graph,128,24.1056,15.1776,24.1544,24.1056,
25,8,131072,2048,hyprefill,1024/2048/2048,graph,129,23.9047,16.2760,23.9562,23.9047,
25,8,131072,2048,hyprefill,1024/2048/2048,graph,130,24.3459,15.7586,24.3916,24.3459,
25,8,131072,2048,hyprefill,1024/2048/2048,graph,131,24.1198,15.4522,24.1666,24.1198,
25,8,131072,2048,hyprefill,1024/2048/2048,graph,132,23.8146,16.7934,23.8648,23.8146,
25,8,131072,2048,hyprefill,1024/2048/2048,graph,133,24.1629,15.4522,24.2085,24.1629,
25,8,131072,2048,hyprefill,1024/2048/2048,graph,134,24.1520,16.3078,24.1987,24.1520,
25,8,131072,2048,hyprefill,1024/2048/2048,graph,135,24.0109,15.4204,24.0552,24.0109,
25,8,131072,2048,hyprefill,1024/2048/2048,graph,136,24.1565,15.7586,24.2033,24.1565,
25,8,131072,2048,hyprefill,1024/2048/2048,graph,137,24.3881,15.2095,24.4346,24.3881,
25,8,131072,2048,hyprefill,1024/2048/2048,graph,138,24.0628,16.0014,24.1081,24.0628,
25,8,131072,2048,hyprefill,1024/2048/2048,graph,139,24.0456,15.7586,24.0913,24.0456,
25,8,131072,2048,hyprefill,1024/2048/2048,graph,140,24.3055,15.1776,24.3505,24.3055,
25,8,131072,2048,hyprefill,1024/2048/2048,graph,141,24.0063,16.0014,24.0502,24.0063,
25,8,131072,2048,hyprefill,1024/2048/2048,graph,142,24.2472,15.7268,24.2919,24.2472,
25,8,131072,2048,hyprefill,1024/2048/2048,graph,143,24.2337,16.0332,24.2799,24.2337,
25,8,131072,2048,hyprefill,1024/2048/2048,graph,144,23.9582,15.4204,24.0024,23.9582,
25,8,131072,2048,hyprefill,1024/2048/2048,graph,145,24.1639,16.2760,24.2086,24.1639,
25,8,131072,2048,hyprefill,1024/2048/2048,graph,146,24.0702,15.7586,24.1185,24.0702,
25,8,131072,2048,hyprefill,1024/2048/2048,graph,147,24.2613,15.1776,24.3047,24.2613,
25,8,131072,2048,hyprefill,1024/2048/2048,graph,148,24.1470,16.5506,24.1960,24.1470,
25,8,131072,2048,hyprefill,1024/2048/2048,graph,149,24.1527,15.7268,24.1999,24.1527,
25,8,131072,2048,hyprefill,1024/2048/2048,graph,150,24.1003,16.0014,24.1486,24.1003,
25,8,131072,2048,hyprefill,1024/2048/2048,graph,151,24.2188,14.9349,24.2738,24.2188,
25,8,131072,2048,hyprefill,1024/2048/2048,graph,152,24.0700,15.7586,24.1252,24.0700,
25,8,131072,2048,hyprefill,1024/2048/2048,graph,153,24.1158,15.7268,24.1696,24.1158,
25,8,131072,2048,hyprefill,1024/2048/2048,graph,154,24.1229,15.4522,24.1742,24.1229,
25,8,131072,2048,hyprefill,1024/2048/2048,graph,155,24.0246,16.0332,24.0733,24.0246,
25,8,131072,2048,hyprefill,1024/2048/2048,graph,156,24.2166,15.1776,24.2620,24.2166,
25,8,131072,2048,hyprefill,1024/2048/2048,graph,157,23.6233,16.5506,23.6690,23.6233,
25,8,131072,2048,hyprefill,1024/2048/2048,graph,158,24.2059,15.4522,24.2502,24.2059,
25,8,131072,2048,hyprefill,1024/2048/2048,graph,159,24.1954,16.0332,24.2420,24.1954,
25,8,131072,2048,hyprefill,1024/2048/2048,graph,160,24.3407,15.1776,24.3851,24.3407,
25,8,131072,2048,hyprefill,1024/2048/2048,graph,161,24.2578,15.7586,24.3084,24.2578,
25,8,131072,2048,hyprefill,1024/2048/2048,graph,162,24.3300,15.4841,24.3762,24.3300,
25,8,131072,2048,hyprefill,1024/2048/2048,graph,163,24.0596,15.1776,24.1054,24.0596,
25,8,131072,2048,hyprefill,1024/2048/2048,graph,164,24.1282,16.3078,24.1730,24.1282,
25,8,131072,2048,hyprefill,1024/2048/2048,graph,165,23.9837,14.6285,24.0297,23.9837,
25,8,131072,2048,hyprefill,1024/2048/2048,graph,166,23.9391,16.8252,23.9828,23.9391,
25,8,131072,2048,hyprefill,1024/2048/2048,graph,167,24.0898,15.1776,24.1374,24.0898,
25,8,131072,2048,hyprefill,1024/2048/2048,graph,168,24.1531,16.5506,24.1977,24.1531,
25,8,131072,2048,hyprefill,1024/2048/2048,graph,169,23.9822,15.7268,24.0298,23.9822,
25,8,131072,2048,hyprefill,1024/2048/2048,graph,170,24.2682,15.4841,24.3128,24.2682,
25,8,131072,2048,hyprefill,1024/2048/2048,graph,171,24.0706,15.4841,24.1165,24.0706,
25,8,131072,2048,hyprefill,1024/2048/2048,graph,172,24.0413,15.4522,24.0825,24.0413,
25,8,131072,2048,hyprefill,1024/2048/2048,graph,173,24.2370,15.4841,24.2821,24.2370,
25,8,131072,2048,hyprefill,1024/2048/2048,graph,174,23.4544,15.4522,23.4997,23.4544,
25,8,131072,2048,hyprefill,1024/2048/2048,graph,175,23.8497,16.2760,23.8936,23.8497,
25,8,131072,2048,hyprefill,1024/2048/2048,graph,176,24.1128,15.7268,24.1587,24.1128,
25,8,131072,2048,hyprefill,1024/2048/2048,graph,177,23.8713,16.2760,23.9170,23.8713,
25,8,131072,2048,hyprefill,1024/2048/2048,graph,178,24.1220,15.7268,24.1678,24.1220,
25,8,131072,2048,hyprefill,1024/2048/2048,graph,179,24.0641,15.4522,24.1190,24.0641,
25,8,131072,2048,hyprefill,1024/2048/2048,graph,180,24.1068,16.0332,24.1658,24.1068,
25,8,131072,2048,hyprefill,1024/2048/2048,graph,181,24.2513,14.6285,24.3064,24.2513,
25,8,131072,2048,hyprefill,1024/2048/2048,graph,182,24.1258,16.8570,24.1893,24.1258,
25,8,131072,2048,hyprefill,1024/2048/2048,graph,183,24.2588,14.9031,24.3114,24.2588,
25,8,131072,2048,hyprefill,1024/2048/2048,graph,184,24.0170,16.3078,24.0630,24.0170,
25,8,131072,2048,hyprefill,1024/2048/2048,graph,185,24.1037,15.1776,24.1498,24.1037,
25,8,131072,2048,hyprefill,1024/2048/2048,graph,186,23.8393,16.2760,23.8852,23.8393,
25,8,131072,2048,hyprefill,1024/2048/2048,graph,187,23.8978,15.4522,23.9428,23.8978,
25,8,131072,2048,hyprefill,1024/2048/2048,graph,188,23.9597,16.0014,24.0050,23.9597,
25,8,131072,2048,hyprefill,1024/2048/2048,graph,189,24.1369,16.0014,26.5426,24.1369,
25,8,131072,2048,hyprefill,1024/2048/2048,graph,190,24.1013,15.7268,24.1457,24.1013,
25,8,131072,2048,hyprefill,1024/2048/2048,graph,191,24.0204,16.2760,24.0642,24.0204,
25,8,131072,2048,hyprefill,1024/2048/2048,graph,192,23.8855,15.4522,23.9299,23.8855,
25,8,131072,2048,hyprefill,1024/2048/2048,graph,193,24.3070,16.0332,24.3533,24.3070,
25,8,131072,2048,hyprefill,1024/2048/2048,graph,194,23.9958,15.4522,24.0443,23.9958,
25,8,131072,2048,hyprefill,1024/2048/2048,graph,195,23.8556,16.2760,23.9012,23.8556,
25,8,131072,2048,hyprefill,1024/2048/2048,graph,196,24.0009,16.0014,24.0478,24.0009,
25,8,131072,2048,hyprefill,1024/2048/2048,graph,197,24.0401,15.4522,24.0879,24.0401,
25,8,131072,2048,hyprefill,1024/2048/2048,graph,198,24.0802,16.5506,24.1268,24.0802,
25,8,131072,2048,hyprefill,1024/2048/2048,graph,199,24.0296,15.4522,24.0810,24.0296,
25,8,131072,2048,hyprefill,1024/1536/1536,graph,0,24.2614,16.7934,24.3074,24.2614,
25,8,131072,2048,hyprefill,1024/1536/1536,graph,1,24.3177,16.5506,24.3766,24.3177,
25,8,131072,2048,hyprefill,1024/1536/1536,graph,2,24.4259,16.0332,24.4724,24.4259,
25,8,131072,2048,hyprefill,1024/1536/1536,graph,3,24.5207,16.2760,24.5644,24.5207,
25,8,131072,2048,hyprefill,1024/1536/1536,graph,4,24.5220,16.8252,24.5675,24.5220,
25,8,131072,2048,hyprefill,1024/1536/1536,graph,5,24.3383,16.2760,24.3818,24.3383,
25,8,131072,2048,hyprefill,1024/1536/1536,graph,6,24.0073,16.5506,24.0526,24.0073,
25,8,131072,2048,hyprefill,1024/1536/1536,graph,7,24.5119,16.5506,24.5607,24.5119,
25,8,131072,2048,hyprefill,1024/1536/1536,graph,8,24.3206,16.5506,24.3646,24.3206,
25,8,131072,2048,hyprefill,1024/1536/1536,graph,9,24.5335,16.5506,24.5792,24.5335,
25,8,131072,2048,hyprefill,1024/1536/1536,graph,10,23.9655,16.2760,24.0114,23.9655,
25,8,131072,2048,hyprefill,1024/1536/1536,graph,11,24.3757,16.2760,24.4198,24.3757,
25,8,131072,2048,hyprefill,1024/1536/1536,graph,12,23.9285,16.8252,23.9752,23.9285,
25,8,131072,2048,hyprefill,1024/1536/1536,graph,13,24.4689,16.2760,24.5136,24.4689,
25,8,131072,2048,hyprefill,1024/1536/1536,graph,14,23.8909,16.5506,23.9348,23.8909,
25,8,131072,2048,hyprefill,1024/1536/1536,graph,15,24.3239,16.2760,24.3668,24.3239,
25,8,131072,2048,hyprefill,1024/1536/1536,graph,16,24.4949,16.0332,24.5413,24.4949,
25,8,131072,2048,hyprefill,1024/1536/1536,graph,17,24.2002,15.7268,24.2440,24.2002,
25,8,131072,2048,hyprefill,1024/1536/1536,graph,18,24.4767,17.0998,24.5235,24.4767,
25,8,131072,2048,hyprefill,1024/1536/1536,graph,19,24.4226,16.5506,24.4672,24.4226,
25,8,131072,2048,hyprefill,1024/1536/1536,graph,20,24.4169,16.5506,24.4620,24.4169,
25,8,131072,2048,hyprefill,1024/1536/1536,graph,21,24.0771,17.0679,24.1250,24.0771,
25,8,131072,2048,hyprefill,1024/1536/1536,graph,22,24.2836,16.5506,24.3295,24.2836,
25,8,131072,2048,hyprefill,1024/1536/1536,graph,23,24.1715,16.5506,24.2164,24.1715,
25,8,131072,2048,hyprefill,1024/1536/1536,graph,24,24.4418,16.0332,24.4896,24.4418,
25,8,131072,2048,hyprefill,1024/1536/1536,graph,25,24.2791,15.4841,24.3259,24.2791,
25,8,131072,2048,hyprefill,1024/1536/1536,graph,26,24.6258,15.7586,24.6737,24.6258,
25,8,131072,2048,hyprefill,1024/1536/1536,graph,27,24.2001,16.5506,24.2451,24.2001,
25,8,131072,2048,hyprefill,1024/1536/1536,graph,28,23.9986,16.7934,24.0413,23.9986,
25,8,131072,2048,hyprefill,1024/1536/1536,graph,29,24.1357,16.5506,24.1798,24.1357,
25,8,131072,2048,hyprefill,1024/1536/1536,graph,30,24.4065,16.8252,24.4508,24.4065,
25,8,131072,2048,hyprefill,1024/1536/1536,graph,31,24.2446,16.5506,24.2895,24.2446,
25,8,131072,2048,hyprefill,1024/1536/1536,graph,32,24.4922,16.0014,24.5372,24.4922,
25,8,131072,2048,hyprefill,1024/1536/1536,graph,33,24.1737,16.0332,24.2201,24.1737,
25,8,131072,2048,hyprefill,1024/1536/1536,graph,34,24.3176,16.0014,24.3645,24.3176,
25,8,131072,2048,hyprefill,1024/1536/1536,graph,35,24.2028,16.8252,24.2485,24.2028,
25,8,131072,2048,hyprefill,1024/1536/1536,graph,36,24.4750,16.5506,24.5210,24.4750,
25,8,131072,2048,hyprefill,1024/1536/1536,graph,37,24.0854,16.7934,24.1342,24.0854,
25,8,131072,2048,hyprefill,1024/1536/1536,graph,38,24.3642,16.5506,24.4145,24.3642,
25,8,131072,2048,hyprefill,1024/1536/1536,graph,39,24.3825,16.5506,24.4350,24.3825,
25,8,131072,2048,hyprefill,1024/1536/1536,graph,40,23.9637,17.0679,24.0169,23.9637,
25,8,131072,2048,hyprefill,1024/1536/1536,graph,41,24.2862,16.5506,24.3314,24.2862,
25,8,131072,2048,hyprefill,1024/1536/1536,graph,42,24.2408,16.5506,24.2831,24.2408,
25,8,131072,2048,hyprefill,1024/1536/1536,graph,43,24.5129,16.5506,24.5583,24.5129,
25,8,131072,2048,hyprefill,1024/1536/1536,graph,44,24.2966,15.7586,24.3437,24.2966,
25,8,131072,2048,hyprefill,1024/1536/1536,graph,45,24.3922,16.2760,24.4362,24.3922,
25,8,131072,2048,hyprefill,1024/1536/1536,graph,46,24.2095,16.5506,24.2557,24.2095,
25,8,131072,2048,hyprefill,1024/1536/1536,graph,47,24.5430,16.5506,24.5870,24.5430,
25,8,131072,2048,hyprefill,1024/1536/1536,graph,48,24.1580,16.5506,24.2050,24.1580,
25,8,131072,2048,hyprefill,1024/1536/1536,graph,49,24.6028,16.2760,24.6477,24.6028,
25,8,131072,2048,hyprefill,1024/1536/1536,graph,50,22.4865,16.7934,22.5322,22.4865,
25,8,131072,2048,hyprefill,1024/1536/1536,graph,51,24.2630,16.2760,24.3087,24.2630,
25,8,131072,2048,hyprefill,1024/1536/1536,graph,52,24.4776,16.0014,24.5208,24.4776,
25,8,131072,2048,hyprefill,1024/1536/1536,graph,53,24.4057,15.4841,24.4515,24.4057,
25,8,131072,2048,hyprefill,1024/1536/1536,graph,54,23.8564,16.8252,23.9024,23.8564,
25,8,131072,2048,hyprefill,1024/1536/1536,graph,55,24.2635,16.2760,24.3082,24.2635,
25,8,131072,2048,hyprefill,1024/1536/1536,graph,56,24.2535,16.2760,24.3285,24.2535,
25,8,131072,2048,hyprefill,1024/1536/1536,graph,57,24.3366,17.0998,24.3880,24.3366,
25,8,131072,2048,hyprefill,1024/1536/1536,graph,58,24.3933,16.0014,24.4411,24.3933,
25,8,131072,2048,hyprefill,1024/1536/1536,graph,59,22.6725,16.7934,22.7186,22.6725,
25,8,131072,2048,hyprefill,1024/1536/1536,graph,60,24.5546,16.0014,24.5981,24.5546,
25,8,131072,2048,hyprefill,1024/1536/1536,graph,61,24.0938,16.5506,24.1403,24.0938,
25,8,131072,2048,hyprefill,1024/1536/1536,graph,62,24.4542,15.4841,24.5059,24.4542,
25,8,131072,2048,hyprefill,1024/1536/1536,graph,63,24.0762,16.2760,24.1246,24.0762,
25,8,131072,2048,hyprefill,1024/1536/1536,graph,64,24.4027,16.5506,24.4506,24.4027,
25,8,131072,2048,hyprefill,1024/1536/1536,graph,65,24.0204,16.2760,24.0637,24.0204,
25,8,131072,2048,hyprefill,1024/1536/1536,graph,66,23.5573,17.0679,23.6069,23.5573,
25,8,131072,2048,hyprefill,1024/1536/1536,graph,67,24.2028,15.7268,24.2553,24.2028,
25,8,131072,2048,hyprefill,1024/1536/1536,graph,68,22.0759,17.3425,22.1246,22.0759,
25,8,131072,2048,hyprefill,1024/1536/1536,graph,69,24.4977,15.7268,24.5467,24.4977,
25,8,131072,2048,hyprefill,1024/1536/1536,graph,70,23.6745,16.5506,23.7204,23.6745,
25,8,131072,2048,hyprefill,1024/1536/1536,graph,71,24.4277,15.4841,24.4798,24.4277,
25,8,131072,2048,hyprefill,1024/1536/1536,graph,72,24.5270,16.5506,24.5718,24.5270,
25,8,131072,2048,hyprefill,1024/1536/1536,graph,73,24.4231,16.5506,24.4682,24.4231,
25,8,131072,2048,hyprefill,1024/1536/1536,graph,74,24.3378,16.0332,24.3825,24.3378,
25,8,131072,2048,hyprefill,1024/1536/1536,graph,75,23.7774,16.7934,23.8288,23.7774,
25,8,131072,2048,hyprefill,1024/1536/1536,graph,76,23.5507,17.0679,23.6013,23.5507,
25,8,131072,2048,hyprefill,1024/1536/1536,graph,77,23.3011,16.5188,23.3472,23.3011,
25,8,131072,2048,hyprefill,1024/1536/1536,graph,78,24.3021,15.7586,24.3494,24.3021,
25,8,131072,2048,hyprefill,1024/1536/1536,graph,79,24.3491,16.8252,24.3960,24.3491,
25,8,131072,2048,hyprefill,1024/1536/1536,graph,80,24.1591,15.4841,24.2052,24.1591,
25,8,131072,2048,hyprefill,1024/1536/1536,graph,81,24.3524,16.8252,24.4030,24.3524,
25,8,131072,2048,hyprefill,1024/1536/1536,graph,82,24.2488,16.0014,24.2930,24.2488,
25,8,131072,2048,hyprefill,1024/1536/1536,graph,83,24.4027,16.8252,24.4475,24.4027,
25,8,131072,2048,hyprefill,1024/1536/1536,graph,84,22.0936,16.7615,22.1405,22.0936,
25,8,131072,2048,hyprefill,1024/1536/1536,graph,85,24.5078,16.8252,24.5536,24.5078,
25,8,131072,2048,hyprefill,1024/1536/1536,graph,86,23.2751,16.7934,23.3201,23.2751,
25,8,131072,2048,hyprefill,1024/1536/1536,graph,87,24.3262,15.4841,24.3735,24.3262,
25,8,131072,2048,hyprefill,1024/1536/1536,graph,88,24.3305,16.5506,24.3757,24.3305,
25,8,131072,2048,hyprefill,1024/1536/1536,graph,89,24.4116,15.4841,24.4582,24.4116,
25,8,131072,2048,hyprefill,1024/1536/1536,graph,90,24.3236,16.2760,24.3670,24.3236,
25,8,131072,2048,hyprefill,1024/1536/1536,graph,91,24.5095,15.7586,24.5540,24.5095,
25,8,131072,2048,hyprefill,1024/1536/1536,graph,92,24.2385,16.2760,24.2937,24.2385,
25,8,131072,2048,hyprefill,1024/1536/1536,graph,93,21.8307,17.0361,21.8812,21.8307,
25,8,131072,2048,hyprefill,1024/1536/1536,graph,94,24.3103,16.0014,24.3553,24.3103,
25,8,131072,2048,hyprefill,1024/1536/1536,graph,95,23.1934,17.3425,23.2382,23.1934,
25,8,131072,2048,hyprefill,1024/1536/1536,graph,96,24.6535,15.2095,24.7002,24.6535,
25,8,131072,2048,hyprefill,1024/1536/1536,graph,97,24.0724,16.3078,24.1238,24.0724,
25,8,131072,2048,hyprefill,1024/1536/1536,graph,98,24.4477,15.7268,24.4978,24.4477,
25,8,131072,2048,hyprefill,1024/1536/1536,graph,99,24.2511,17.0998,24.2978,24.2511,
25,8,131072,2048,hyprefill,1024/1536/1536,graph,100,24.7053,16.2760,24.7485,24.7053,
25,8,131072,2048,hyprefill,1024/1536/1536,graph,101,24.1772,17.0998,24.2245,24.1772,
25,8,131072,2048,hyprefill,1024/1536/1536,graph,102,24.4096,16.0014,24.4569,24.4096,
25,8,131072,2048,hyprefill,1024/1536/1536,graph,103,23.8690,16.8252,23.9146,23.8690,
25,8,131072,2048,hyprefill,1024/1536/1536,graph,104,24.3418,16.2760,24.3874,24.3418,
25,8,131072,2048,hyprefill,1024/1536/1536,graph,105,24.2364,16.0014,24.2819,24.2364,
25,8,131072,2048,hyprefill,1024/1536/1536,graph,106,24.3697,17.3744,24.4193,24.3697,
25,8,131072,2048,hyprefill,1024/1536/1536,graph,107,24.5873,16.0014,24.6282,24.5873,
25,8,131072,2048,hyprefill,1024/1536/1536,graph,108,24.3924,17.0998,24.4383,24.3924,
25,8,131072,2048,hyprefill,1024/1536/1536,graph,109,24.1995,15.7268,24.2449,24.1995,
25,8,131072,2048,hyprefill,1024/1536/1536,graph,110,24.3479,17.0998,24.3948,24.3479,
25,8,131072,2048,hyprefill,1024/1536/1536,graph,111,24.4262,16.0014,24.4822,24.4262,
25,8,131072,2048,hyprefill,1024/1536/1536,graph,112,24.4320,16.3078,24.4818,24.4320,
25,8,131072,2048,hyprefill,1024/1536/1536,graph,113,24.5086,16.0014,24.5551,24.5086,
25,8,131072,2048,hyprefill,1024/1536/1536,graph,114,24.1044,16.8252,24.1552,24.1044,
25,8,131072,2048,hyprefill,1024/1536/1536,graph,115,23.2678,16.5188,23.3146,23.2678,
25,8,131072,2048,hyprefill,1024/1536/1536,graph,116,24.1203,15.4841,24.1691,24.1203,
25,8,131072,2048,hyprefill,1024/1536/1536,graph,117,24.3553,16.8252,24.4003,24.3553,
25,8,131072,2048,hyprefill,1024/1536/1536,graph,118,24.0693,16.5506,24.1193,24.0693,
25,8,131072,2048,hyprefill,1024/1536/1536,graph,119,24.3290,16.5506,24.3809,24.3290,
25,8,131072,2048,hyprefill,1024/1536/1536,graph,120,23.8261,16.7934,23.8753,23.8261,
25,8,131072,2048,hyprefill,1024/1536/1536,graph,121,24.3934,16.0332,24.4409,24.3934,
25,8,131072,2048,hyprefill,1024/1536/1536,graph,122,24.1981,16.2760,24.2426,24.1981,
25,8,131072,2048,hyprefill,1024/1536/1536,graph,123,24.4276,15.4841,24.4765,24.4276,
25,8,131072,2048,hyprefill,1024/1536/1536,graph,124,24.4328,16.5506,24.4847,24.4328,
25,8,131072,2048,hyprefill,1024/1536/1536,graph,125,24.3338,16.5506,24.3855,24.3338,
25,8,131072,2048,hyprefill,1024/1536/1536,graph,126,24.3527,16.0014,24.3964,24.3527,
25,8,131072,2048,hyprefill,1024/1536/1536,graph,127,24.2747,16.0332,24.3225,24.2747,
25,8,131072,2048,hyprefill,1024/1536/1536,graph,128,24.2876,16.2760,24.3327,24.2876,
25,8,131072,2048,hyprefill,1024/1536/1536,graph,129,23.8547,16.7934,23.8996,23.8547,
25,8,131072,2048,hyprefill,1024/1536/1536,graph,130,24.3082,16.8252,24.3525,24.3082,
25,8,131072,2048,hyprefill,1024/1536/1536,graph,131,24.3126,16.2760,24.3594,24.3126,
25,8,131072,2048,hyprefill,1024/1536/1536,graph,132,24.3708,15.4841,24.4200,24.3708,
25,8,131072,2048,hyprefill,1024/1536/1536,graph,133,24.2383,16.8252,24.2862,24.2383,
25,8,131072,2048,hyprefill,1024/1536/1536,graph,134,24.4564,16.0014,24.5035,24.4564,
25,8,131072,2048,hyprefill,1024/1536/1536,graph,135,24.0457,16.2760,24.0897,24.0457,
25,8,131072,2048,hyprefill,1024/1536/1536,graph,136,24.5223,16.0332,24.5690,24.5223,
25,8,131072,2048,hyprefill,1024/1536/1536,graph,137,24.1452,16.0014,24.1893,24.1452,
25,8,131072,2048,hyprefill,1024/1536/1536,graph,138,23.7371,17.6171,23.7851,23.7371,
25,8,131072,2048,hyprefill,1024/1536/1536,graph,139,24.0686,16.0014,24.1132,24.0686,
25,8,131072,2048,hyprefill,1024/1536/1536,graph,140,24.5574,16.0332,24.6042,24.5574,
25,8,131072,2048,hyprefill,1024/1536/1536,graph,141,24.3872,15.4841,24.4329,24.3872,
25,8,131072,2048,hyprefill,1024/1536/1536,graph,142,24.4632,16.5506,24.5074,24.4632,
25,8,131072,2048,hyprefill,1024/1536/1536,graph,143,24.3737,17.0679,24.4176,24.3737,
25,8,131072,2048,hyprefill,1024/1536/1536,graph,144,24.3764,16.5506,24.4263,24.3764,
25,8,131072,2048,hyprefill,1024/1536/1536,graph,145,24.3268,16.0332,24.3732,24.3268,
25,8,131072,2048,hyprefill,1024/1536/1536,graph,146,24.4163,16.2760,24.4607,24.4163,
25,8,131072,2048,hyprefill,1024/1536/1536,graph,147,24.1707,17.3425,24.2148,24.1707,
25,8,131072,2048,hyprefill,1024/1536/1536,graph,148,24.3000,16.8252,24.3454,24.3000,
25,8,131072,2048,hyprefill,1024/1536/1536,graph,149,24.5398,15.7586,24.5868,24.5398,
25,8,131072,2048,hyprefill,1024/1536/1536,graph,150,24.4123,15.7586,24.4584,24.4123,
25,8,131072,2048,hyprefill,1024/1536/1536,graph,151,24.6900,15.7586,24.7324,24.6900,
25,8,131072,2048,hyprefill,1024/1536/1536,graph,152,24.2812,16.5506,24.3311,24.2812,
25,8,131072,2048,hyprefill,1024/1536/1536,graph,153,24.2859,16.2760,24.3305,24.2859,
25,8,131072,2048,hyprefill,1024/1536/1536,graph,154,24.1858,16.0014,24.2352,24.1858,
25,8,131072,2048,hyprefill,1024/1536/1536,graph,155,24.3799,16.8252,24.4319,24.3799,
25,8,131072,2048,hyprefill,1024/1536/1536,graph,156,23.9927,16.5188,24.0377,23.9927,
25,8,131072,2048,hyprefill,1024/1536/1536,graph,157,24.3959,17.3744,24.4416,24.3959,
25,8,131072,2048,hyprefill,1024/1536/1536,graph,158,24.2300,16.2442,24.2747,24.2300,
25,8,131072,2048,hyprefill,1024/1536/1536,graph,159,24.3837,15.4841,24.4306,24.3837,
25,8,131072,2048,hyprefill,1024/1536/1536,graph,160,24.2483,16.8570,24.2949,24.2483,
25,8,131072,2048,hyprefill,1024/1536/1536,graph,161,24.6071,15.7586,24.6521,24.6071,
25,8,131072,2048,hyprefill,1024/1536/1536,graph,162,24.6404,15.7268,24.6892,24.6404,
25,8,131072,2048,hyprefill,1024/1536/1536,graph,163,24.4423,16.5824,24.4881,24.4423,
25,8,131072,2048,hyprefill,1024/1536/1536,graph,164,23.7362,16.2442,23.7799,23.7362,
25,8,131072,2048,hyprefill,1024/1536/1536,graph,165,24.2014,17.0998,24.2527,24.2014,
25,8,131072,2048,hyprefill,1024/1536/1536,graph,166,23.2268,16.5188,23.2709,23.2268,
25,8,131072,2048,hyprefill,1024/1536/1536,graph,167,24.3345,16.0332,24.3845,24.3345,
25,8,131072,2048,hyprefill,1024/1536/1536,graph,168,24.4959,15.7586,24.5443,24.4959,
25,8,131072,2048,hyprefill,1024/1536/1536,graph,169,24.3173,15.4841,24.3617,24.3173,
25,8,131072,2048,hyprefill,1024/1536/1536,graph,170,24.4313,16.0014,24.4761,24.4313,
25,8,131072,2048,hyprefill,1024/1536/1536,graph,171,23.9907,16.8252,24.0359,23.9907,
25,8,131072,2048,hyprefill,1024/1536/1536,graph,172,24.5041,16.2760,24.5455,24.5041,
25,8,131072,2048,hyprefill,1024/1536/1536,graph,173,23.0106,17.6171,23.0561,23.0106,
25,8,131072,2048,hyprefill,1024/1536/1536,graph,174,24.4316,16.5188,24.4813,24.4316,
25,8,131072,2048,hyprefill,1024/1536/1536,graph,175,24.0330,17.0998,24.0776,24.0330,
25,8,131072,2048,hyprefill,1024/1536/1536,graph,176,24.5850,15.7586,24.6371,24.5850,
25,8,131072,2048,hyprefill,1024/1536/1536,graph,177,24.4892,15.4841,24.5385,24.4892,
25,8,131072,2048,hyprefill,1024/1536/1536,graph,178,24.4796,15.4841,24.5258,24.4796,
25,8,131072,2048,hyprefill,1024/1536/1536,graph,179,24.3236,16.5506,24.3704,24.3236,
25,8,131072,2048,hyprefill,1024/1536/1536,graph,180,24.4725,16.5506,24.5189,24.4725,
25,8,131072,2048,hyprefill,1024/1536/1536,graph,181,24.3416,16.5506,24.3856,24.3416,
25,8,131072,2048,hyprefill,1024/1536/1536,graph,182,24.1820,16.7934,24.2305,24.1820,
25,8,131072,2048,hyprefill,1024/1536/1536,graph,183,24.5751,16.2760,24.6203,24.5751,
25,8,131072,2048,hyprefill,1024/1536/1536,graph,184,24.1359,17.3744,24.1826,24.1359,
25,8,131072,2048,hyprefill,1024/1536/1536,graph,185,24.6756,15.7586,24.7233,24.6756,
25,8,131072,2048,hyprefill,1024/1536/1536,graph,186,24.1775,15.7268,24.2220,24.1775,
25,8,131072,2048,hyprefill,1024/1536/1536,graph,187,24.4497,16.0332,24.4954,24.4497,
25,8,131072,2048,hyprefill,1024/1536/1536,graph,188,24.2138,16.0014,24.2589,24.2138,
25,8,131072,2048,hyprefill,1024/1536/1536,graph,189,24.3669,16.8252,24.4188,24.3669,
25,8,131072,2048,hyprefill,1024/1536/1536,graph,190,24.2289,16.5506,24.2815,24.2289,
25,8,131072,2048,hyprefill,1024/1536/1536,graph,191,24.4799,16.2760,24.5316,24.4799,
25,8,131072,2048,hyprefill,1024/1536/1536,graph,192,23.9872,16.5506,24.0434,23.9872,
25,8,131072,2048,hyprefill,1024/1536/1536,graph,193,23.7809,17.0679,23.8266,23.7809,
25,8,131072,2048,hyprefill,1024/1536/1536,graph,194,24.4386,16.2760,24.4828,24.4386,
25,8,131072,2048,hyprefill,1024/1536/1536,graph,195,24.3116,15.4841,24.3576,24.3116,
25,8,131072,2048,hyprefill,1024/1536/1536,graph,196,24.4991,16.0332,24.5471,24.4991,
25,8,131072,2048,hyprefill,1024/1536/1536,graph,197,24.2052,16.2760,24.2548,24.2052,
25,8,131072,2048,hyprefill,1024/1536/1536,graph,198,24.3109,16.5506,24.3557,24.3109,
25,8,131072,2048,hyprefill,1024/1536/1536,graph,199,24.2466,16.0332,24.2942,24.2466,
25,8,131072,2048,hyprefill,2048/2048/2048,graph,0,23.9169,15.3886,23.9623,23.9169,
25,8,131072,2048,hyprefill,2048/2048/2048,graph,1,22.8009,15.6314,22.8454,22.8009,
25,8,131072,2048,hyprefill,2048/2048/2048,graph,2,24.0609,15.6632,24.1139,24.0609,
25,8,131072,2048,hyprefill,2048/2048/2048,graph,3,21.3604,16.6979,21.4126,21.3604,
25,8,131072,2048,hyprefill,2048/2048/2048,graph,4,23.3766,16.7297,23.4256,23.3766,
25,8,131072,2048,hyprefill,2048/2048/2048,graph,5,23.4101,14.5648,23.4607,23.4101,
25,8,131072,2048,hyprefill,2048/2048/2048,graph,6,24.0502,16.2124,24.0971,24.0502,
25,8,131072,2048,hyprefill,2048/2048/2048,graph,7,23.8616,15.3568,23.9065,23.8616,
25,8,131072,2048,hyprefill,2048/2048/2048,graph,8,23.9697,15.6632,24.0155,23.9697,
25,8,131072,2048,hyprefill,2048/2048/2048,graph,9,23.4648,14.5648,23.5115,23.4648,
25,8,131072,2048,hyprefill,2048/2048/2048,graph,10,23.8467,15.9378,23.8948,23.8467,
25,8,131072,2048,hyprefill,2048/2048/2048,graph,11,20.6453,16.4233,20.6959,20.6453,
25,8,131072,2048,hyprefill,2048/2048/2048,graph,12,23.4523,16.2124,23.5007,23.4523,
25,8,131072,2048,hyprefill,2048/2048/2048,graph,13,23.8792,14.5648,23.9291,23.8792,
25,8,131072,2048,hyprefill,2048/2048/2048,graph,14,23.5137,15.6632,23.5609,23.5137,
25,8,131072,2048,hyprefill,2048/2048/2048,graph,15,24.0084,15.3568,24.0523,24.0084,
25,8,131072,2048,hyprefill,2048/2048/2048,graph,16,23.9408,16.2124,23.9919,23.9408,
25,8,131072,2048,hyprefill,2048/2048/2048,graph,17,23.3526,14.5648,23.4003,23.3526,
25,8,131072,2048,hyprefill,2048/2048/2048,graph,18,23.5516,15.6632,23.5979,23.5516,
25,8,131072,2048,hyprefill,2048/2048/2048,graph,19,21.7886,16.1487,21.8491,21.7886,
25,8,131072,2048,hyprefill,2048/2048/2048,graph,20,23.8195,15.9378,23.8693,23.8195,
25,8,131072,2048,hyprefill,2048/2048/2048,graph,21,23.6546,14.8394,23.7034,23.6546,
25,8,131072,2048,hyprefill,2048/2048/2048,graph,22,23.3838,15.3886,23.4302,23.3838,
25,8,131072,2048,hyprefill,2048/2048/2048,graph,23,23.0648,15.9059,23.1080,23.0648,
25,8,131072,2048,hyprefill,2048/2048/2048,graph,24,23.5980,16.7297,23.6441,23.5980,
25,8,131072,2048,hyprefill,2048/2048/2048,graph,25,23.8865,15.1140,23.9328,23.8865,
25,8,131072,2048,hyprefill,2048/2048/2048,graph,26,23.3239,16.1805,23.3695,23.3239,
25,8,131072,2048,hyprefill,2048/2048/2048,graph,27,23.5793,16.7297,23.6288,23.5793,
25,8,131072,2048,hyprefill,2048/2048/2048,graph,28,23.5879,15.1140,23.6360,23.5879,
25,8,131072,2048,hyprefill,2048/2048/2048,graph,29,23.8365,15.3886,23.8845,23.8365,
25,8,131072,2048,hyprefill,2048/2048/2048,graph,30,23.4796,15.3886,23.5260,23.4796,
25,8,131072,2048,hyprefill,2048/2048/2048,graph,31,23.8071,15.3568,23.8528,23.8071,
25,8,131072,2048,hyprefill,2048/2048/2048,graph,32,23.8461,16.2124,23.8919,23.8461,
25,8,131072,2048,hyprefill,2048/2048/2048,graph,33,23.8815,15.1140,23.9308,23.8815,
25,8,131072,2048,hyprefill,2048/2048/2048,graph,34,23.2997,16.1805,23.3442,23.2997,
25,8,131072,2048,hyprefill,2048/2048/2048,graph,35,23.4427,16.1805,23.4865,23.4427,
25,8,131072,2048,hyprefill,2048/2048/2048,graph,36,23.6034,15.3886,23.6490,23.6034,
25,8,131072,2048,hyprefill,2048/2048/2048,graph,37,23.2795,16.1805,23.3241,23.2795,
25,8,131072,2048,hyprefill,2048/2048/2048,graph,38,23.7856,15.6632,23.8326,23.7856,
25,8,131072,2048,hyprefill,2048/2048/2048,graph,39,23.8607,15.1140,23.9052,23.8607,
25,8,131072,2048,hyprefill,2048/2048/2048,graph,40,23.1304,16.4551,23.1746,23.1304,
25,8,131072,2048,hyprefill,2048/2048/2048,graph,41,23.7916,15.1140,23.8377,23.7916,
25,8,131072,2048,hyprefill,2048/2048/2048,graph,42,24.2037,15.3886,24.2444,24.2037,
25,8,131072,2048,hyprefill,2048/2048/2048,graph,43,23.9426,15.3886,23.9895,23.9426,
25,8,131072,2048,hyprefill,2048/2048/2048,graph,44,23.8092,15.6632,23.8568,23.8092,
25,8,131072,2048,hyprefill,2048/2048/2048,graph,45,23.7507,16.1805,23.7951,23.7507,
25,8,131072,2048,hyprefill,2048/2048/2048,graph,46,24.0124,15.3886,24.0572,24.0124,
25,8,131072,2048,hyprefill,2048/2048/2048,graph,47,23.4999,15.3886,23.5466,23.4999,
25,8,131072,2048,hyprefill,2048/2048/2048,graph,48,23.3697,16.1805,23.4148,23.3697,
25,8,131072,2048,hyprefill,2048/2048/2048,graph,49,22.9773,15.3886,23.0236,22.9773,
25,8,131072,2048,hyprefill,2048/2048/2048,graph,50,23.8767,15.1140,23.9217,23.8767,
25,8,131072,2048,hyprefill,2048/2048/2048,graph,51,23.2891,16.1805,23.3325,23.2891,
25,8,131072,2048,hyprefill,2048/2048/2048,graph,52,23.4863,16.1805,23.5315,23.4863,
25,8,131072,2048,hyprefill,2048/2048/2048,graph,53,24.0379,15.9378,24.0820,24.0379,
25,8,131072,2048,hyprefill,2048/2048/2048,graph,54,23.7125,15.9059,23.7598,23.7125,
25,8,131072,2048,hyprefill,2048/2048/2048,graph,55,23.5691,15.3886,23.6137,23.5691,
25,8,131072,2048,hyprefill,2048/2048/2048,graph,56,23.9666,15.1140,24.0118,23.9666,
25,8,131072,2048,hyprefill,2048/2048/2048,graph,57,23.7109,15.3886,23.7554,23.7109,
25,8,131072,2048,hyprefill,2048/2048/2048,graph,58,23.5020,15.1140,23.5478,23.5020,
25,8,131072,2048,hyprefill,2048/2048/2048,graph,59,23.9115,15.3886,23.9565,23.9115,
25,8,131072,2048,hyprefill,2048/2048/2048,graph,60,23.5816,14.8394,23.6264,23.5816,
25,8,131072,2048,hyprefill,2048/2048/2048,graph,61,23.9700,15.6632,24.0340,23.9700,
25,8,131072,2048,hyprefill,2048/2048/2048,graph,62,22.6900,15.6314,22.7377,22.6900,
25,8,131072,2048,hyprefill,2048/2048/2048,graph,63,22.9482,16.7297,22.9936,22.9482,
25,8,131072,2048,hyprefill,2048/2048/2048,graph,64,23.4354,15.9059,23.4782,23.4354,
25,8,131072,2048,hyprefill,2048/2048/2048,graph,65,23.3914,15.9378,23.4347,23.3914,
25,8,131072,2048,hyprefill,2048/2048/2048,graph,66,23.4747,15.3568,23.5179,23.4747,
25,8,131072,2048,hyprefill,2048/2048/2048,graph,67,23.5456,16.2124,23.5913,23.5456,
25,8,131072,2048,hyprefill,2048/2048/2048,graph,68,23.9630,14.8394,24.0072,23.9630,
25,8,131072,2048,hyprefill,2048/2048/2048,graph,69,23.4675,15.6632,23.5120,23.4675,
25,8,131072,2048,hyprefill,2048/2048/2048,graph,70,20.5113,15.5995,20.5544,20.5113,
25,8,131072,2048,hyprefill,2048/2048/2048,graph,71,23.8435,16.2124,23.8873,23.8435,
25,8,131072,2048,hyprefill,2048/2048/2048,graph,72,23.2256,15.0822,23.2677,23.2256,
25,8,131072,2048,hyprefill,2048/2048/2048,graph,73,23.9805,16.2124,24.0257,23.9805,
25,8,131072,2048,hyprefill,2048/2048/2048,graph,74,23.4019,15.3568,23.4454,23.4019,
25,8,131072,2048,hyprefill,2048/2048/2048,graph,75,23.7476,16.4869,23.7931,23.7476,
25,8,131072,2048,hyprefill,2048/2048/2048,graph,76,24.0189,14.8394,24.0650,24.0189,
25,8,131072,2048,hyprefill,2048/2048/2048,graph,77,23.3784,15.9378,23.4312,23.3784,
25,8,131072,2048,hyprefill,2048/2048/2048,graph,78,21.3497,15.5995,21.3959,21.3497,
25,8,131072,2048,hyprefill,2048/2048/2048,graph,79,23.5720,16.2124,23.6261,23.5720,
25,8,131072,2048,hyprefill,2048/2048/2048,graph,80,23.3244,15.3568,23.3680,23.3244,
25,8,131072,2048,hyprefill,2048/2048/2048,graph,81,23.6104,16.2124,23.6569,23.6104,
25,8,131072,2048,hyprefill,2048/2048/2048,graph,82,23.9536,15.3568,23.9975,23.9536,
25,8,131072,2048,hyprefill,2048/2048/2048,graph,83,23.0864,15.6632,23.1334,23.0864,
25,8,131072,2048,hyprefill,2048/2048/2048,graph,84,23.4546,14.5648,23.5000,23.4546,
25,8,131072,2048,hyprefill,2048/2048/2048,graph,85,23.4246,15.6632,23.4714,23.4246,
25,8,131072,2048,hyprefill,2048/2048/2048,graph,86,23.6394,16.4551,23.6834,23.6394,
25,8,131072,2048,hyprefill,2048/2048/2048,graph,87,23.5585,16.4551,23.6035,23.5585,
25,8,131072,2048,hyprefill,2048/2048/2048,graph,88,23.9128,15.1140,23.9647,23.9128,
25,8,131072,2048,hyprefill,2048/2048/2048,graph,89,23.1488,16.4551,23.1952,23.1488,
25,8,131072,2048,hyprefill,2048/2048/2048,graph,90,23.6642,15.3886,23.7106,23.6642,
25,8,131072,2048,hyprefill,2048/2048/2048,graph,91,23.8618,15.1140,23.9081,23.8618,
25,8,131072,2048,hyprefill,2048/2048/2048,graph,92,23.6331,15.3886,23.6797,23.6331,
25,8,131072,2048,hyprefill,2048/2048/2048,graph,93,23.9787,15.3886,24.0251,23.9787,
25,8,131072,2048,hyprefill,2048/2048/2048,graph,94,23.3468,16.1805,23.3968,23.3468,
25,8,131072,2048,hyprefill,2048/2048/2048,graph,95,23.8814,16.7297,23.9274,23.8814,
25,8,131072,2048,hyprefill,2048/2048/2048,graph,96,23.4041,15.1140,23.4515,23.4041,
25,8,131072,2048,hyprefill,2048/2048/2048,graph,97,23.5426,16.4551,23.5880,23.5426,
25,8,131072,2048,hyprefill,2048/2048/2048,graph,98,23.6169,15.3886,23.6628,23.6169,
25,8,131072,2048,hyprefill,2048/2048/2048,graph,99,23.9721,15.1140,24.0191,23.9721,
25,8,131072,2048,hyprefill,2048/2048/2048,graph,100,23.9608,15.6632,24.0101,23.9608,
25,8,131072,2048,hyprefill,2048/2048/2048,graph,101,23.6928,14.8394,23.7444,23.6928,
25,8,131072,2048,hyprefill,2048/2048/2048,graph,102,23.2604,16.4551,23.3071,23.2604,
25,8,131072,2048,hyprefill,2048/2048/2048,graph,103,23.8912,16.1805,23.9446,23.8912,
25,8,131072,2048,hyprefill,2048/2048/2048,graph,104,23.6887,15.3886,23.7354,23.6887,
25,8,131072,2048,hyprefill,2048/2048/2048,graph,105,23.9119,16.1805,23.9602,23.9119,
25,8,131072,2048,hyprefill,2048/2048/2048,graph,106,22.9334,15.1140,22.9808,22.9334,
25,8,131072,2048,hyprefill,2048/2048/2048,graph,107,23.9889,16.1805,24.0378,23.9889,
25,8,131072,2048,hyprefill,2048/2048/2048,graph,108,23.8675,15.6632,23.9166,23.8675,
25,8,131072,2048,hyprefill,2048/2048/2048,graph,109,23.4717,15.1140,23.5203,23.4717,
25,8,131072,2048,hyprefill,2048/2048/2048,graph,110,23.8565,16.1805,23.9015,23.8565,
25,8,131072,2048,hyprefill,2048/2048/2048,graph,111,24.0043,16.7297,24.0579,24.0043,
25,8,131072,2048,hyprefill,2048/2048/2048,graph,112,23.4274,15.6632,23.4736,23.4274,
25,8,131072,2048,hyprefill,2048/2048/2048,graph,113,23.8293,15.0822,23.8741,23.8293,
25,8,131072,2048,hyprefill,2048/2048/2048,graph,114,23.8800,16.4869,23.9263,23.8800,
25,8,131072,2048,hyprefill,2048/2048/2048,graph,115,23.6514,14.8076,23.6955,23.6514,
25,8,131072,2048,hyprefill,2048/2048/2048,graph,116,23.5109,16.4869,23.5573,23.5109,
25,8,131072,2048,hyprefill,2048/2048/2048,graph,117,23.6864,14.0156,23.7327,23.6864,
25,8,131072,2048,hyprefill,2048/2048/2048,graph,118,23.2582,16.2124,23.3093,23.2582,
25,8,131072,2048,hyprefill,2048/2048/2048,graph,119,23.3607,15.3568,23.4050,23.3607,
25,8,131072,2048,hyprefill,2048/2048/2048,graph,120,23.8582,15.9378,23.9042,23.8582,
25,8,131072,2048,hyprefill,2048/2048/2048,graph,121,23.5079,15.9059,23.5540,23.5079,
25,8,131072,2048,hyprefill,2048/2048/2048,graph,122,23.9342,15.6632,23.9810,23.9342,
25,8,131072,2048,hyprefill,2048/2048/2048,graph,123,23.5386,16.4551,23.5834,23.5386,
25,8,131072,2048,hyprefill,2048/2048/2048,graph,124,23.2444,16.1805,23.2879,23.2444,
25,8,131072,2048,hyprefill,2048/2048/2048,graph,125,23.9317,15.1140,23.9802,23.9317,
25,8,131072,2048,hyprefill,2048/2048/2048,graph,126,23.7297,15.3886,23.7746,23.7297,
25,8,131072,2048,hyprefill,2048/2048/2048,graph,127,22.9740,16.1805,23.0199,22.9740,
25,8,131072,2048,hyprefill,2048/2048/2048,graph,128,23.6919,15.3886,23.7370,23.6919,
25,8,131072,2048,hyprefill,2048/2048/2048,graph,129,23.1930,15.9059,23.2375,23.1930,
25,8,131072,2048,hyprefill,2048/2048/2048,graph,130,23.9503,15.6632,23.9927,23.9503,
25,8,131072,2048,hyprefill,2048/2048/2048,graph,131,23.0957,15.9059,23.1397,23.0957,
25,8,131072,2048,hyprefill,2048/2048/2048,graph,132,23.7681,15.9378,23.8290,23.7681,
25,8,131072,2048,hyprefill,2048/2048/2048,graph,133,24.0894,14.8394,24.1448,24.0894,
25,8,131072,2048,hyprefill,2048/2048/2048,graph,134,23.4631,15.6632,23.5097,23.4631,
25,8,131072,2048,hyprefill,2048/2048/2048,graph,135,23.3921,15.3568,23.4375,23.3921,
25,8,131072,2048,hyprefill,2048/2048/2048,graph,136,23.8737,16.4869,23.9212,23.8737,
25,8,131072,2048,hyprefill,2048/2048/2048,graph,137,23.4729,15.3568,23.5167,23.4729,
25,8,131072,2048,hyprefill,2048/2048/2048,graph,138,23.2503,15.9378,23.2989,23.2503,
25,8,131072,2048,hyprefill,2048/2048/2048,graph,139,23.4736,15.3568,23.5235,23.4736,
25,8,131072,2048,hyprefill,2048/2048/2048,graph,140,23.9069,16.2124,23.9613,23.9069,
25,8,131072,2048,hyprefill,2048/2048/2048,graph,141,23.2451,15.6314,23.2924,23.2451,
25,8,131072,2048,hyprefill,2048/2048/2048,graph,142,23.8502,15.6632,23.8978,23.8502,
25,8,131072,2048,hyprefill,2048/2048/2048,graph,143,23.4124,14.5648,23.4587,23.4124,
25,8,131072,2048,hyprefill,2048/2048/2048,graph,144,23.9362,16.2124,23.9840,23.9362,
25,8,131072,2048,hyprefill,2048/2048/2048,graph,145,23.3095,15.6314,23.3545,23.3095,
25,8,131072,2048,hyprefill,2048/2048/2048,graph,146,23.7928,15.6632,23.8382,23.7928,
25,8,131072,2048,hyprefill,2048/2048/2048,graph,147,22.7068,15.9059,22.7535,22.7068,
25,8,131072,2048,hyprefill,2048/2048/2048,graph,148,23.8759,15.6632,23.9274,23.8759,
25,8,131072,2048,hyprefill,2048/2048/2048,graph,149,22.8636,15.6314,22.9097,22.8636,
25,8,131072,2048,hyprefill,2048/2048/2048,graph,150,23.4876,15.6632,23.5358,23.4876,
25,8,131072,2048,hyprefill,2048/2048/2048,graph,151,23.8604,14.5648,23.9069,23.8604,
25,8,131072,2048,hyprefill,2048/2048/2048,graph,152,23.8711,15.9378,23.9180,23.8711,
25,8,131072,2048,hyprefill,2048/2048/2048,graph,153,24.0234,14.8394,24.0690,24.0234,
25,8,131072,2048,hyprefill,2048/2048/2048,graph,154,23.7785,15.9378,23.8307,23.7785,
25,8,131072,2048,hyprefill,2048/2048/2048,graph,155,23.3669,15.6314,23.4144,23.3669,
25,8,131072,2048,hyprefill,2048/2048/2048,graph,156,24.1033,15.9378,24.1550,24.1033,
25,8,131072,2048,hyprefill,2048/2048/2048,graph,157,23.5831,16.4551,23.6331,23.5831,
25,8,131072,2048,hyprefill,2048/2048/2048,graph,158,23.4937,15.6632,23.5429,23.4937,
25,8,131072,2048,hyprefill,2048/2048/2048,graph,159,23.5025,14.8394,23.5763,23.5025,
25,8,131072,2048,hyprefill,2048/2048/2048,graph,160,23.8886,15.6632,23.9346,23.8886,
25,8,131072,2048,hyprefill,2048/2048/2048,graph,161,23.6276,14.8394,23.6732,23.6276,
25,8,131072,2048,hyprefill,2048/2048/2048,graph,162,23.4603,15.6632,23.5063,23.4603,
25,8,131072,2048,hyprefill,2048/2048/2048,graph,163,23.7152,15.6314,23.7584,23.7152,
25,8,131072,2048,hyprefill,2048/2048/2048,graph,164,23.4167,17.2789,23.4618,23.4167,
25,8,131072,2048,hyprefill,2048/2048/2048,graph,165,23.4179,15.9059,23.4625,23.4179,
25,8,131072,2048,hyprefill,2048/2048/2048,graph,166,23.8528,15.9378,23.9008,23.8528,
25,8,131072,2048,hyprefill,2048/2048/2048,graph,167,23.5934,14.8394,23.6386,23.5934,
25,8,131072,2048,hyprefill,2048/2048/2048,graph,168,23.4987,15.1140,23.5438,23.4987,
25,8,131072,2048,hyprefill,2048/2048/2048,graph,169,23.3248,14.8394,23.3749,23.3248,
25,8,131072,2048,hyprefill,2048/2048/2048,graph,170,23.5436,15.6632,23.5913,23.5436,
25,8,131072,2048,hyprefill,2048/2048/2048,graph,171,23.8410,15.6314,23.8850,23.8410,
25,8,131072,2048,hyprefill,2048/2048/2048,graph,172,23.4334,16.7297,23.4744,23.4334,
25,8,131072,2048,hyprefill,2048/2048/2048,graph,173,23.9405,16.7297,23.9855,23.9405,
25,8,131072,2048,hyprefill,2048/2048/2048,graph,174,23.9245,16.1805,23.9689,23.9245,
25,8,131072,2048,hyprefill,2048/2048/2048,graph,175,23.3822,15.1140,23.4343,23.3822,
25,8,131072,2048,hyprefill,2048/2048/2048,graph,176,23.4780,15.1140,23.5275,23.4780,
25,8,131072,2048,hyprefill,2048/2048/2048,graph,177,23.3761,15.1140,23.4235,23.3761,
25,8,131072,2048,hyprefill,2048/2048/2048,graph,178,23.7757,16.4551,23.8199,23.7757,
25,8,131072,2048,hyprefill,2048/2048/2048,graph,179,23.5950,15.3886,23.6464,23.5950,
25,8,131072,2048,hyprefill,2048/2048/2048,graph,180,23.8622,16.1805,23.9063,23.8622,
25,8,131072,2048,hyprefill,2048/2048/2048,graph,181,23.2599,16.7297,23.3039,23.2599,
25,8,131072,2048,hyprefill,2048/2048/2048,graph,182,23.8652,16.1805,23.9096,23.8652,
25,8,131072,2048,hyprefill,2048/2048/2048,graph,183,23.7642,15.6632,23.8105,23.7642,
25,8,131072,2048,hyprefill,2048/2048/2048,graph,184,23.3526,15.1140,23.4016,23.3526,
25,8,131072,2048,hyprefill,2048/2048/2048,graph,185,23.9949,15.3886,24.0419,23.9949,
25,8,131072,2048,hyprefill,2048/2048/2048,graph,186,24.0998,15.9378,24.1466,24.0998,
25,8,131072,2048,hyprefill,2048/2048/2048,graph,187,23.5589,15.3568,23.6052,23.5589,
25,8,131072,2048,hyprefill,2048/2048/2048,graph,188,23.3852,15.1140,23.4312,23.3852,
25,8,131072,2048,hyprefill,2048/2048/2048,graph,189,23.0957,17.0043,23.1413,23.0957,
25,8,131072,2048,hyprefill,2048/2048/2048,graph,190,24.0007,16.4551,24.0447,24.0007,
25,8,131072,2048,hyprefill,2048/2048/2048,graph,191,23.6873,15.3886,23.7351,23.6873,
25,8,131072,2048,hyprefill,2048/2048/2048,graph,192,24.0030,15.3886,24.0514,24.0030,
25,8,131072,2048,hyprefill,2048/2048/2048,graph,193,24.0090,15.6632,24.0584,24.0090,
25,8,131072,2048,hyprefill,2048/2048/2048,graph,194,23.5981,15.1140,23.6425,23.5981,
25,8,131072,2048,hyprefill,2048/2048/2048,graph,195,23.3250,15.6314,23.3695,23.3250,
25,8,131072,2048,hyprefill,2048/2048/2048,graph,196,23.5101,15.1140,23.5573,23.5101,
25,8,131072,2048,hyprefill,2048/2048/2048,graph,197,23.0199,16.7297,23.0657,23.0199,
25,8,131072,2048,hyprefill,2048/2048/2048,graph,198,21.0940,16.4233,21.1375,21.0940,
25,8,131072,2048,hyprefill,2048/2048/2048,graph,199,23.9318,15.6632,23.9778,23.9318,
25,8,131072,2048,hyprefill,512/2048/2048,graph,0,23.4076,15.6432,23.4536,23.4076,
25,8,131072,2048,hyprefill,512/2048/2048,graph,1,23.4642,15.8860,23.5086,23.4642,
25,8,131072,2048,hyprefill,512/2048/2048,graph,2,23.1909,16.1605,23.2352,23.1909,
25,8,131072,2048,hyprefill,512/2048/2048,graph,3,23.1787,15.2413,23.2215,23.1787,
25,8,131072,2048,hyprefill,512/2048/2048,graph,4,22.1706,18.0190,22.2150,22.1706,
25,8,131072,2048,hyprefill,512/2048/2048,graph,5,23.6120,14.2066,23.6584,23.6120,
25,8,131072,2048,hyprefill,512/2048/2048,graph,6,23.2128,17.3225,23.2601,23.2128,
25,8,131072,2048,hyprefill,512/2048/2048,graph,7,23.8713,13.6574,23.9154,23.8713,
25,8,131072,2048,hyprefill,512/2048/2048,graph,8,23.4704,17.5971,23.5142,23.4704,
25,8,131072,2048,hyprefill,512/2048/2048,graph,9,23.6124,14.2066,23.6577,23.6124,
25,8,131072,2048,hyprefill,512/2048/2048,graph,10,23.2830,16.4988,23.3300,23.2830,
25,8,131072,2048,hyprefill,512/2048/2048,graph,11,23.3280,15.0940,23.3730,23.3280,
25,8,131072,2048,hyprefill,512/2048/2048,graph,12,23.6414,16.1605,23.6844,23.6414,
25,8,131072,2048,hyprefill,512/2048/2048,graph,13,23.3116,16.1605,23.3560,23.3116,
25,8,131072,2048,hyprefill,512/2048/2048,graph,14,23.5985,14.9667,23.6402,23.5985,
25,8,131072,2048,hyprefill,512/2048/2048,graph,15,21.5666,17.7444,21.6116,21.5666,
25,8,131072,2048,hyprefill,512/2048/2048,graph,16,23.8616,13.9320,23.9047,23.8616,
25,8,131072,2048,hyprefill,512/2048/2048,graph,17,23.5488,18.1463,23.5939,23.5488,
25,8,131072,2048,hyprefill,512/2048/2048,graph,18,23.8329,13.9320,23.8782,23.8329,
25,8,131072,2048,hyprefill,512/2048/2048,graph,19,23.0824,17.5971,23.1282,23.0824,
25,8,131072,2048,hyprefill,512/2048/2048,graph,20,23.8094,13.6574,23.8526,23.8094,
25,8,131072,2048,hyprefill,512/2048/2048,graph,21,23.6568,16.7734,23.6998,23.6568,
25,8,131072,2048,hyprefill,512/2048/2048,graph,22,23.6109,14.5448,23.6542,23.6109,
25,8,131072,2048,hyprefill,512/2048/2048,graph,23,23.2475,16.7097,23.2924,23.2475,
25,8,131072,2048,hyprefill,512/2048/2048,graph,24,23.3714,15.3368,23.4156,23.3714,
25,8,131072,2048,hyprefill,512/2048/2048,graph,25,23.5795,15.8223,23.6219,23.5795,
25,8,131072,2048,hyprefill,512/2048/2048,graph,26,22.9970,17.7444,23.0407,22.9970,
25,8,131072,2048,hyprefill,512/2048/2048,graph,27,23.5868,14.2066,23.6304,23.5868,
25,8,131072,2048,hyprefill,512/2048/2048,graph,28,23.6132,17.3225,23.6645,23.6132,
25,8,131072,2048,hyprefill,512/2048/2048,graph,29,23.5918,14.2066,23.6366,23.5918,
25,8,131072,2048,hyprefill,512/2048/2048,graph,30,23.2179,17.3225,23.2617,23.2179,
25,8,131072,2048,hyprefill,512/2048/2048,graph,31,23.4386,13.9320,23.4845,23.4386,
25,8,131072,2048,hyprefill,512/2048/2048,graph,32,23.7769,16.4988,23.8208,23.7769,
25,8,131072,2048,hyprefill,512/2048/2048,graph,33,23.4568,15.6114,23.5013,23.4568,
25,8,131072,2048,hyprefill,512/2048/2048,graph,34,23.6163,15.6432,23.6590,23.6163,
25,8,131072,2048,hyprefill,512/2048/2048,graph,35,23.2911,15.9178,23.3372,23.2911,
25,8,131072,2048,hyprefill,512/2048/2048,graph,36,23.0993,15.2731,23.1425,23.0993,
25,8,131072,2048,hyprefill,512/2048/2048,graph,37,22.3369,17.7444,22.3797,22.3369,
25,8,131072,2048,hyprefill,512/2048/2048,graph,38,23.8198,14.4812,23.8643,23.8198,
25,8,131072,2048,hyprefill,512/2048/2048,graph,39,23.7574,17.3225,23.8016,23.7574,
25,8,131072,2048,hyprefill,512/2048/2048,graph,40,23.3733,14.4812,23.4233,23.3733,
25,8,131072,2048,hyprefill,512/2048/2048,graph,41,23.3885,17.0480,23.4325,23.3885,
25,8,131072,2048,hyprefill,512/2048/2048,graph,42,23.5216,14.9985,23.5626,23.5216,
25,8,131072,2048,hyprefill,512/2048/2048,graph,43,23.8519,16.7415,23.8986,23.8519,
25,8,131072,2048,hyprefill,512/2048/2048,graph,44,23.7006,15.0940,23.7559,23.7006,
25,8,131072,2048,hyprefill,512/2048/2048,graph,45,23.3485,15.9178,23.3950,23.3485,
25,8,131072,2048,hyprefill,512/2048/2048,graph,46,23.1814,15.9178,23.2315,23.1814,
25,8,131072,2048,hyprefill,512/2048/2048,graph,47,23.6977,15.0304,23.7432,23.6977,
25,8,131072,2048,hyprefill,512/2048/2048,graph,48,22.8916,16.9525,22.9362,22.8916,
25,8,131072,2048,hyprefill,512/2048/2048,graph,49,23.6853,14.7558,23.7303,23.6853,
25,8,131072,2048,hyprefill,512/2048/2048,graph,50,23.3191,17.0480,23.3660,23.3191,
25,8,131072,2048,hyprefill,512/2048/2048,graph,51,23.4904,14.4812,23.5377,23.4904,
25,8,131072,2048,hyprefill,512/2048/2048,graph,52,23.2855,17.2907,23.3304,23.2855,
25,8,131072,2048,hyprefill,512/2048/2048,graph,53,23.4098,14.7239,23.4567,23.4098,
25,8,131072,2048,hyprefill,512/2048/2048,graph,54,23.4579,16.4351,23.5013,23.4579,
25,8,131072,2048,hyprefill,512/2048/2048,graph,55,23.3825,15.8860,23.4302,23.3825,
25,8,131072,2048,hyprefill,512/2048/2048,graph,56,23.7531,15.3686,23.7986,23.7531,
25,8,131072,2048,hyprefill,512/2048/2048,graph,57,23.3790,15.9178,23.4246,23.3790,
25,8,131072,2048,hyprefill,512/2048/2048,graph,58,23.5978,14.7876,23.6434,23.5978,
25,8,131072,2048,hyprefill,512/2048/2048,graph,59,22.9063,17.2589,22.9523,22.9063,
25,8,131072,2048,hyprefill,512/2048/2048,graph,60,23.4841,14.4812,23.5298,23.4841,
25,8,131072,2048,hyprefill,512/2048/2048,graph,61,23.5753,16.7734,23.6272,23.5753,
25,8,131072,2048,hyprefill,512/2048/2048,graph,62,23.5472,15.0304,23.5991,23.5472,
25,8,131072,2048,hyprefill,512/2048/2048,graph,63,23.2999,16.7415,23.3450,23.2999,
25,8,131072,2048,hyprefill,512/2048/2048,graph,64,23.3835,15.0304,23.4307,23.3835,
25,8,131072,2048,hyprefill,512/2048/2048,graph,65,23.7428,16.4033,23.7854,23.7428,
25,8,131072,2048,hyprefill,512/2048/2048,graph,66,23.3637,16.4351,23.4093,23.3637,
25,8,131072,2048,hyprefill,512/2048/2048,graph,67,23.6690,15.0622,23.7121,23.6690,
25,8,131072,2048,hyprefill,512/2048/2048,graph,68,23.3758,16.2242,23.4199,23.3758,
25,8,131072,2048,hyprefill,512/2048/2048,graph,69,23.6084,14.7876,23.6781,23.6084,
25,8,131072,2048,hyprefill,512/2048/2048,graph,70,23.3300,16.7415,23.3786,23.3300,
25,8,131072,2048,hyprefill,512/2048/2048,graph,71,23.5500,14.1748,23.5969,23.5500,
25,8,131072,2048,hyprefill,512/2048/2048,graph,72,23.3820,17.0480,23.4283,23.3820,
25,8,131072,2048,hyprefill,512/2048/2048,graph,73,23.6356,14.7558,23.6836,23.6356,
25,8,131072,2048,hyprefill,512/2048/2048,graph,74,23.5587,17.0161,23.6055,23.5587,
25,8,131072,2048,hyprefill,512/2048/2048,graph,75,23.3529,14.7558,23.3979,23.3529,
25,8,131072,2048,hyprefill,512/2048/2048,graph,76,22.7044,16.6461,22.7497,22.7044,
25,8,131072,2048,hyprefill,512/2048/2048,graph,77,23.4853,16.4033,23.5344,23.4853,
25,8,131072,2048,hyprefill,512/2048/2048,graph,78,23.6742,15.0940,23.7194,23.6742,
25,8,131072,2048,hyprefill,512/2048/2048,graph,79,23.4201,16.2242,23.4642,23.4201,
25,8,131072,2048,hyprefill,512/2048/2048,graph,80,23.5839,14.2702,23.6298,23.5839,
25,8,131072,2048,hyprefill,512/2048/2048,graph,81,23.1807,17.3225,23.2270,23.1807,
25,8,131072,2048,hyprefill,512/2048/2048,graph,82,23.9106,14.1748,23.9545,23.9106,
25,8,131072,2048,hyprefill,512/2048/2048,graph,83,23.4395,17.0161,23.4835,23.4395,
25,8,131072,2048,hyprefill,512/2048/2048,graph,84,23.3268,14.9985,23.3697,23.3268,
25,8,131072,2048,hyprefill,512/2048/2048,graph,85,23.4291,17.0161,23.4734,23.4291,
25,8,131072,2048,hyprefill,512/2048/2048,graph,86,23.5759,15.0622,23.6216,23.5759,
25,8,131072,2048,hyprefill,512/2048/2048,graph,87,22.9139,16.6461,22.9614,22.9139,
25,8,131072,2048,hyprefill,512/2048/2048,graph,88,23.4715,16.6779,23.5159,23.4715,
25,8,131072,2048,hyprefill,512/2048/2048,graph,89,23.5982,14.7876,23.6433,23.5982,
25,8,131072,2048,hyprefill,512/2048/2048,graph,90,23.3713,16.4988,23.4170,23.3713,
25,8,131072,2048,hyprefill,512/2048/2048,graph,91,23.5516,14.5448,23.5967,23.5516,
25,8,131072,2048,hyprefill,512/2048/2048,graph,92,23.1713,16.7734,23.2162,23.1713,
25,8,131072,2048,hyprefill,512/2048/2048,graph,93,23.7997,14.4493,23.8436,23.7997,
25,8,131072,2048,hyprefill,512/2048/2048,graph,94,23.6627,17.0161,23.7065,23.6627,
25,8,131072,2048,hyprefill,512/2048/2048,graph,95,23.6580,15.3049,23.7011,23.6580,
25,8,131072,2048,hyprefill,512/2048/2048,graph,96,23.3996,17.0161,23.4439,23.3996,
25,8,131072,2048,hyprefill,512/2048/2048,graph,97,23.6933,14.7876,23.7438,23.6933,
25,8,131072,2048,hyprefill,512/2048/2048,graph,98,22.9816,17.1634,23.0253,22.9816,
25,8,131072,2048,hyprefill,512/2048/2048,graph,99,23.3578,16.0969,23.4072,23.3578,
25,8,131072,2048,hyprefill,512/2048/2048,graph,100,23.4130,15.0940,23.4634,23.4130,
25,8,131072,2048,hyprefill,512/2048/2048,graph,101,23.7136,15.9496,23.7602,23.7136,
25,8,131072,2048,hyprefill,512/2048/2048,graph,102,23.5176,15.3686,23.5687,23.5176,
25,8,131072,2048,hyprefill,512/2048/2048,graph,103,23.2225,15.9496,23.2691,23.2225,
25,8,131072,2048,hyprefill,512/2048/2048,graph,104,23.4696,14.4812,23.5153,23.4696,
25,8,131072,2048,hyprefill,512/2048/2048,graph,105,23.3799,16.7415,23.4248,23.3799,
25,8,131072,2048,hyprefill,512/2048/2048,graph,106,23.5852,15.3049,23.6294,23.5852,
25,8,131072,2048,hyprefill,512/2048/2048,graph,107,23.3220,16.1924,23.3622,23.3220,
25,8,131072,2048,hyprefill,512/2048/2048,graph,108,23.3316,15.0622,23.3777,23.3316,
25,8,131072,2048,hyprefill,512/2048/2048,graph,109,22.3136,16.8888,22.3589,22.3136,
25,8,131072,2048,hyprefill,512/2048/2048,graph,110,23.2862,16.0969,23.3304,23.2862,
25,8,131072,2048,hyprefill,512/2048/2048,graph,111,23.6163,15.3686,23.6605,23.6163,
25,8,131072,2048,hyprefill,512/2048/2048,graph,112,23.5180,15.6432,23.5661,23.5180,
25,8,131072,2048,hyprefill,512/2048/2048,graph,113,23.4683,16.1924,23.5139,23.4683,
25,8,131072,2048,hyprefill,512/2048/2048,graph,114,23.4425,15.9178,23.4862,23.4425,
25,8,131072,2048,hyprefill,512/2048/2048,graph,115,23.2922,14.7558,23.3451,23.2922,
25,8,131072,2048,hyprefill,512/2048/2048,graph,116,23.5508,16.1924,23.5975,23.5508,
25,8,131072,2048,hyprefill,512/2048/2048,graph,117,23.5404,15.6114,23.5861,23.5404,
25,8,131072,2048,hyprefill,512/2048/2048,graph,118,23.5924,16.1924,23.6361,23.5924,
25,8,131072,2048,hyprefill,512/2048/2048,graph,119,23.4608,15.6114,23.5069,23.4608,
25,8,131072,2048,hyprefill,512/2048/2048,graph,120,22.8331,16.6142,22.8776,22.8331,
25,8,131072,2048,hyprefill,512/2048/2048,graph,121,22.4171,16.3397,22.4638,22.4171,
25,8,131072,2048,hyprefill,512/2048/2048,graph,122,23.5713,15.6114,23.6209,23.5713,
25,8,131072,2048,hyprefill,512/2048/2048,graph,123,23.5696,15.9178,23.6171,23.5696,
25,8,131072,2048,hyprefill,512/2048/2048,graph,124,23.4410,15.6432,23.4872,23.4410,
25,8,131072,2048,hyprefill,512/2048/2048,graph,125,23.2562,15.6750,23.3035,23.2562,
25,8,131072,2048,hyprefill,512/2048/2048,graph,126,23.8482,14.7876,23.8924,23.8482,
25,8,131072,2048,hyprefill,512/2048/2048,graph,127,23.5394,16.1924,23.5853,23.5394,
25,8,131072,2048,hyprefill,512/2048/2048,graph,128,23.3157,15.3368,23.3597,23.3157,
25,8,131072,2048,hyprefill,512/2048/2048,graph,129,23.4068,15.6432,23.4504,23.4068,
25,8,131072,2048,hyprefill,512/2048/2048,graph,130,23.5550,15.6114,23.5978,23.5550,
25,8,131072,2048,hyprefill,512/2048/2048,graph,131,22.9284,16.6142,22.9724,22.9284,
25,8,131072,2048,hyprefill,512/2048/2048,graph,132,22.6005,16.6142,22.6436,22.6005,
25,8,131072,2048,hyprefill,512/2048/2048,graph,133,23.7048,15.3368,23.7483,23.7048,
25,8,131072,2048,hyprefill,512/2048/2048,graph,134,23.5998,15.9178,23.6419,23.5998,
25,8,131072,2048,hyprefill,512/2048/2048,graph,135,23.3635,15.3686,23.4075,23.3635,
25,8,131072,2048,hyprefill,512/2048/2048,graph,136,23.2501,15.6750,23.2954,23.2501,
25,8,131072,2048,hyprefill,512/2048/2048,graph,137,23.7642,14.7876,23.8084,23.7642,
25,8,131072,2048,hyprefill,512/2048/2048,graph,138,23.5582,16.7415,23.6035,23.5582,
25,8,131072,2048,hyprefill,512/2048/2048,graph,139,23.4851,15.6432,23.5282,23.4851,
25,8,131072,2048,hyprefill,512/2048/2048,graph,140,23.2591,15.9178,23.3049,23.2591,
25,8,131072,2048,hyprefill,512/2048/2048,graph,141,23.7512,15.3368,23.7939,23.7512,
25,8,131072,2048,hyprefill,512/2048/2048,graph,142,22.4808,16.3397,22.5247,22.4808,
25,8,131072,2048,hyprefill,512/2048/2048,graph,143,22.6928,16.8888,22.7373,22.6928,
25,8,131072,2048,hyprefill,512/2048/2048,graph,144,23.4065,15.0622,23.4504,23.4065,
25,8,131072,2048,hyprefill,512/2048/2048,graph,145,23.7861,15.9178,23.8287,23.7861,
25,8,131072,2048,hyprefill,512/2048/2048,graph,146,23.5426,15.9178,23.5885,23.5426,
25,8,131072,2048,hyprefill,512/2048/2048,graph,147,23.4410,15.6750,23.4885,23.4410,
25,8,131072,2048,hyprefill,512/2048/2048,graph,148,23.4435,15.0622,23.4911,23.4435,
25,8,131072,2048,hyprefill,512/2048/2048,graph,149,23.7665,15.9178,23.8131,23.7665,
25,8,131072,2048,hyprefill,512/2048/2048,graph,150,23.4318,15.6432,23.4793,23.4318,
25,8,131072,2048,hyprefill,512/2048/2048,graph,151,23.4790,15.6432,23.5236,23.4790,
25,8,131072,2048,hyprefill,512/2048/2048,graph,152,23.1430,15.6114,23.1945,23.1430,
25,8,131072,2048,hyprefill,512/2048/2048,graph,153,22.9584,16.3397,23.0079,22.9584,
25,8,131072,2048,hyprefill,512/2048/2048,graph,154,22.2744,16.6142,22.3231,22.2744,
25,8,131072,2048,hyprefill,512/2048/2048,graph,155,23.7129,15.3368,23.7583,23.7129,
25,8,131072,2048,hyprefill,512/2048/2048,graph,156,23.4978,16.1924,23.5471,23.4978,
25,8,131072,2048,hyprefill,512/2048/2048,graph,157,23.5674,15.3686,23.6132,23.5674,
25,8,131072,2048,hyprefill,512/2048/2048,graph,158,23.3105,15.9178,23.3558,23.3105,
25,8,131072,2048,hyprefill,512/2048/2048,graph,159,23.5159,14.5130,23.5588,23.5159,
25,8,131072,2048,hyprefill,512/2048/2048,graph,160,23.6530,16.7415,23.6977,23.6530,
25,8,131072,2048,hyprefill,512/2048/2048,graph,161,23.4905,15.3686,23.5366,23.4905,
25,8,131072,2048,hyprefill,512/2048/2048,graph,162,23.5451,16.1924,23.5918,23.5451,
25,8,131072,2048,hyprefill,512/2048/2048,graph,163,23.3651,15.3368,23.4165,23.3651,
25,8,131072,2048,hyprefill,512/2048/2048,graph,164,23.4122,16.3715,23.4562,23.4122,
25,8,131072,2048,hyprefill,512/2048/2048,graph,165,22.4198,16.8888,22.4668,22.4198,
25,8,131072,2048,hyprefill,512/2048/2048,graph,166,23.6667,15.3368,23.7107,23.6667,
25,8,131072,2048,hyprefill,512/2048/2048,graph,167,23.5361,16.1924,23.5813,23.5361,
25,8,131072,2048,hyprefill,512/2048/2048,graph,168,23.3869,15.3368,23.4476,23.3869,
25,8,131072,2048,hyprefill,512/2048/2048,graph,169,23.3909,16.4670,23.4352,23.3909,
25,8,131072,2048,hyprefill,512/2048/2048,graph,170,23.5159,14.4812,23.5603,23.5159,
25,8,131072,2048,hyprefill,512/2048/2048,graph,171,23.2826,16.4670,23.3336,23.2826,
25,8,131072,2048,hyprefill,512/2048/2048,graph,172,23.2874,15.3368,23.3318,23.2874,
25,8,131072,2048,hyprefill,512/2048/2048,graph,173,23.6012,15.9496,23.6471,23.6012,
25,8,131072,2048,hyprefill,512/2048/2048,graph,174,23.5880,15.0622,23.6396,23.5880,
25,8,131072,2048,hyprefill,512/2048/2048,graph,175,22.9805,16.4033,23.0258,22.9805,
25,8,131072,2048,hyprefill,512/2048/2048,graph,176,22.9513,16.3715,22.9961,22.9513,
25,8,131072,2048,hyprefill,512/2048/2048,graph,177,23.5121,15.5795,23.5556,23.5121,
25,8,131072,2048,hyprefill,512/2048/2048,graph,178,23.6694,16.4351,23.7209,23.6694,
25,8,131072,2048,hyprefill,512/2048/2048,graph,179,23.6452,15.8860,23.6935,23.6452,
25,8,131072,2048,hyprefill,512/2048/2048,graph,180,23.2217,16.1924,23.2689,23.2217,
25,8,131072,2048,hyprefill,512/2048/2048,graph,181,23.6691,15.0622,23.7156,23.6691,
25,8,131072,2048,hyprefill,512/2048/2048,graph,182,23.3756,16.1924,23.4211,23.3756,
25,8,131072,2048,hyprefill,512/2048/2048,graph,183,23.1167,15.3368,23.1607,23.1167,
25,8,131072,2048,hyprefill,512/2048/2048,graph,184,23.3420,15.9178,23.3864,23.3420,
25,8,131072,2048,hyprefill,512/2048/2048,graph,185,23.7535,15.0940,23.7980,23.7535,
25,8,131072,2048,hyprefill,512/2048/2048,graph,186,23.6025,16.4351,23.6463,23.6025,
25,8,131072,2048,hyprefill,512/2048/2048,graph,187,23.2347,15.5795,23.2778,23.2347,
25,8,131072,2048,hyprefill,512/2048/2048,graph,188,23.4805,15.6114,23.5249,23.4805,
25,8,131072,2048,hyprefill,512/2048/2048,graph,189,23.6331,16.4033,23.6772,23.6331,
25,8,131072,2048,hyprefill,512/2048/2048,graph,190,23.4994,15.8541,23.5424,23.4994,
25,8,131072,2048,hyprefill,512/2048/2048,graph,191,23.4984,16.1924,23.5434,23.4984,
25,8,131072,2048,hyprefill,512/2048/2048,graph,192,23.3735,15.0622,23.4193,23.3735,
25,8,131072,2048,hyprefill,512/2048/2048,graph,193,23.4253,16.4670,23.4694,23.4253,
25,8,131072,2048,hyprefill,512/2048/2048,graph,194,23.4747,15.0622,23.5189,23.4747,
25,8,131072,2048,hyprefill,512/2048/2048,graph,195,23.5619,16.1924,23.6046,23.5619,
25,8,131072,2048,hyprefill,512/2048/2048,graph,196,23.3886,15.0622,23.4327,23.3886,
25,8,131072,2048,hyprefill,512/2048/2048,graph,197,23.4606,16.4670,23.5082,23.4606,
25,8,131072,2048,hyprefill,512/2048/2048,graph,198,23.2464,15.8860,23.2936,23.2464,
25,8,131072,2048,hyprefill,512/2048/2048,graph,199,23.6116,15.8541,23.6560,23.6116,
25,8,131072,2048,hyprefill,2048/1536/1536,graph,0,24.2330,16.2124,24.2790,24.2330,
25,8,131072,2048,hyprefill,2048/1536/1536,graph,1,24.2374,15.3886,24.2843,24.2374,
25,8,131072,2048,hyprefill,2048/1536/1536,graph,2,24.2798,16.2124,24.3283,24.2798,
25,8,131072,2048,hyprefill,2048/1536/1536,graph,3,23.6035,16.1805,23.6468,23.6035,
25,8,131072,2048,hyprefill,2048/1536/1536,graph,4,23.9422,17.2789,23.9867,23.9422,
25,8,131072,2048,hyprefill,2048/1536/1536,graph,5,24.0558,17.0043,24.1058,24.0558,
25,8,131072,2048,hyprefill,2048/1536/1536,graph,6,24.0758,16.2124,24.1249,24.0758,
25,8,131072,2048,hyprefill,2048/1536/1536,graph,7,24.1266,17.2789,24.1723,24.1266,
25,8,131072,2048,hyprefill,2048/1536/1536,graph,8,24.2675,17.0043,24.3131,24.2675,
25,8,131072,2048,hyprefill,2048/1536/1536,graph,9,23.6959,15.9378,23.7481,23.6959,
25,8,131072,2048,hyprefill,2048/1536/1536,graph,10,23.8027,15.1140,23.8519,23.8027,
25,8,131072,2048,hyprefill,2048/1536/1536,graph,11,23.6556,15.6632,23.7021,23.6556,
25,8,131072,2048,hyprefill,2048/1536/1536,graph,12,24.1306,15.6632,24.1762,24.1306,
25,8,131072,2048,hyprefill,2048/1536/1536,graph,13,24.1201,15.9378,24.1662,24.1201,
25,8,131072,2048,hyprefill,2048/1536/1536,graph,14,23.3352,15.9059,23.3776,23.3352,
25,8,131072,2048,hyprefill,2048/1536/1536,graph,15,24.1498,17.0361,24.1962,24.1498,
25,8,131072,2048,hyprefill,2048/1536/1536,graph,16,21.4327,16.6979,21.4767,21.4327,
25,8,131072,2048,hyprefill,2048/1536/1536,graph,17,23.4148,17.2789,23.4578,23.4148,
25,8,131072,2048,hyprefill,2048/1536/1536,graph,18,23.7033,17.0043,23.7474,23.7033,
25,8,131072,2048,hyprefill,2048/1536/1536,graph,19,23.3470,15.9378,23.3921,23.3470,
25,8,131072,2048,hyprefill,2048/1536/1536,graph,20,23.8271,14.8394,23.8714,23.8271,
25,8,131072,2048,hyprefill,2048/1536/1536,graph,21,23.4732,16.2124,23.5223,23.4732,
25,8,131072,2048,hyprefill,2048/1536/1536,graph,22,23.7330,15.1140,23.7797,23.7330,
25,8,131072,2048,hyprefill,2048/1536/1536,graph,23,24.1868,15.6632,24.2388,24.1868,
25,8,131072,2048,hyprefill,2048/1536/1536,graph,24,24.0036,17.2789,24.0500,24.0036,
25,8,131072,2048,hyprefill,2048/1536/1536,graph,25,21.4131,17.2471,21.4574,21.4131,
25,8,131072,2048,hyprefill,2048/1536/1536,graph,26,23.6214,16.7297,23.6661,23.6214,
25,8,131072,2048,hyprefill,2048/1536/1536,graph,27,23.1878,17.0043,23.2322,23.1878,
25,8,131072,2048,hyprefill,2048/1536/1536,graph,28,23.6649,15.6632,23.7102,23.6649,
25,8,131072,2048,hyprefill,2048/1536/1536,graph,29,23.7338,15.3886,23.7792,23.7338,
25,8,131072,2048,hyprefill,2048/1536/1536,graph,30,23.8212,15.3886,23.8647,23.8212,
25,8,131072,2048,hyprefill,2048/1536/1536,graph,31,24.3772,15.9378,24.4230,24.3772,
25,8,131072,2048,hyprefill,2048/1536/1536,graph,32,23.7027,16.2124,23.7478,23.7027,
25,8,131072,2048,hyprefill,2048/1536/1536,graph,33,23.9805,16.1805,24.0226,23.9805,
25,8,131072,2048,hyprefill,2048/1536/1536,graph,34,23.5194,17.2789,23.5630,23.5194,
25,8,131072,2048,hyprefill,2048/1536/1536,graph,35,23.9796,16.1805,24.0216,23.9796,
25,8,131072,2048,hyprefill,2048/1536/1536,graph,36,24.0240,16.2124,24.0674,24.0240,
25,8,131072,2048,hyprefill,2048/1536/1536,graph,37,24.2017,15.3886,24.2608,24.2017,
25,8,131072,2048,hyprefill,2048/1536/1536,graph,38,23.8809,16.2124,23.9319,23.8809,
25,8,131072,2048,hyprefill,2048/1536/1536,graph,39,24.0919,15.6632,24.1357,24.0919,
25,8,131072,2048,hyprefill,2048/1536/1536,graph,40,23.1028,16.4551,23.1464,23.1028,
25,8,131072,2048,hyprefill,2048/1536/1536,graph,41,24.1050,16.2124,24.1517,24.1050,
25,8,131072,2048,hyprefill,2048/1536/1536,graph,42,23.7215,17.0043,23.7687,23.7215,
25,8,131072,2048,hyprefill,2048/1536/1536,graph,43,24.4162,17.5535,24.4615,24.4162,
25,8,131072,2048,hyprefill,2048/1536/1536,graph,44,24.1163,16.7297,24.1608,24.1163,
25,8,131072,2048,hyprefill,2048/1536/1536,graph,45,23.8790,17.2789,23.9219,23.8790,
25,8,131072,2048,hyprefill,2048/1536/1536,graph,46,24.3524,15.6632,24.4018,24.3524,
25,8,131072,2048,hyprefill,2048/1536/1536,graph,47,24.3099,15.9378,24.3553,24.3099,
25,8,131072,2048,hyprefill,2048/1536/1536,graph,48,23.7640,15.3886,23.8096,23.7640,
25,8,131072,2048,hyprefill,2048/1536/1536,graph,49,23.7072,15.3886,23.7573,23.7072,
25,8,131072,2048,hyprefill,2048/1536/1536,graph,50,23.7146,15.6632,23.7617,23.7146,
25,8,131072,2048,hyprefill,2048/1536/1536,graph,51,24.0369,16.2124,24.0827,24.0369,
25,8,131072,2048,hyprefill,2048/1536/1536,graph,52,23.6625,16.4551,23.7073,23.6625,
25,8,131072,2048,hyprefill,2048/1536/1536,graph,53,23.3307,17.5535,23.3803,23.3307,
25,8,131072,2048,hyprefill,2048/1536/1536,graph,54,24.2005,16.7297,24.2467,24.2005,
25,8,131072,2048,hyprefill,2048/1536/1536,graph,55,24.1962,16.4869,24.2428,24.1962,
25,8,131072,2048,hyprefill,2048/1536/1536,graph,56,24.1019,16.4551,24.1457,24.1019,
25,8,131072,2048,hyprefill,2048/1536/1536,graph,57,23.7642,16.2124,23.8086,23.7642,
25,8,131072,2048,hyprefill,2048/1536/1536,graph,58,23.5830,15.6314,23.6274,23.5830,
25,8,131072,2048,hyprefill,2048/1536/1536,graph,59,23.0814,15.9378,23.1296,23.0814,
25,8,131072,2048,hyprefill,2048/1536/1536,graph,60,23.6262,15.3886,23.6733,23.6262,
25,8,131072,2048,hyprefill,2048/1536/1536,graph,61,23.4143,16.7297,23.4594,23.4143,
25,8,131072,2048,hyprefill,2048/1536/1536,graph,62,23.5668,17.5535,23.6111,23.5668,
25,8,131072,2048,hyprefill,2048/1536/1536,graph,63,23.7005,16.4551,23.7450,23.7005,
25,8,131072,2048,hyprefill,2048/1536/1536,graph,64,24.1297,16.2124,24.1745,24.1297,
25,8,131072,2048,hyprefill,2048/1536/1536,graph,65,23.3783,17.0043,23.4262,23.3783,
25,8,131072,2048,hyprefill,2048/1536/1536,graph,66,24.0946,15.9378,24.1382,24.0946,
25,8,131072,2048,hyprefill,2048/1536/1536,graph,67,24.0857,15.1140,24.1300,24.0857,
25,8,131072,2048,hyprefill,2048/1536/1536,graph,68,24.1212,15.3886,24.1642,24.1212,
25,8,131072,2048,hyprefill,2048/1536/1536,graph,69,23.9176,15.6632,23.9619,23.9176,
25,8,131072,2048,hyprefill,2048/1536/1536,graph,70,23.1508,16.7297,23.1939,23.1508,
25,8,131072,2048,hyprefill,2048/1536/1536,graph,71,23.4947,17.0043,23.5366,23.4947,
25,8,131072,2048,hyprefill,2048/1536/1536,graph,72,23.5531,16.7297,23.5951,23.5531,
25,8,131072,2048,hyprefill,2048/1536/1536,graph,73,23.8147,17.5535,23.8570,23.8147,
25,8,131072,2048,hyprefill,2048/1536/1536,graph,74,21.1527,16.9725,21.1952,21.1527,
25,8,131072,2048,hyprefill,2048/1536/1536,graph,75,24.3031,16.4869,24.3485,24.3031,
25,8,131072,2048,hyprefill,2048/1536/1536,graph,76,24.1870,15.3886,24.2300,24.1870,
25,8,131072,2048,hyprefill,2048/1536/1536,graph,77,24.3523,15.6632,24.3960,24.3523,
25,8,131072,2048,hyprefill,2048/1536/1536,graph,78,23.9392,15.6632,23.9955,23.9392,
25,8,131072,2048,hyprefill,2048/1536/1536,graph,79,24.1488,15.6632,24.1928,24.1488,
25,8,131072,2048,hyprefill,2048/1536/1536,graph,80,24.0361,16.2124,24.0856,24.0361,
25,8,131072,2048,hyprefill,2048/1536/1536,graph,81,24.2993,16.4551,24.3429,24.2993,
25,8,131072,2048,hyprefill,2048/1536/1536,graph,82,23.7129,17.8281,23.7632,23.7129,
25,8,131072,2048,hyprefill,2048/1536/1536,graph,83,23.7557,17.0043,23.8010,23.7557,
25,8,131072,2048,hyprefill,2048/1536/1536,graph,84,23.1363,15.6632,23.1827,23.1363,
25,8,131072,2048,hyprefill,2048/1536/1536,graph,85,23.4404,15.1140,23.4869,23.4404,
25,8,131072,2048,hyprefill,2048/1536/1536,graph,86,23.6460,15.9378,23.6917,23.6460,
25,8,131072,2048,hyprefill,2048/1536/1536,graph,87,24.1506,16.7297,24.1930,24.1506,
25,8,131072,2048,hyprefill,2048/1536/1536,graph,88,23.9276,17.2789,23.9723,23.9276,
25,8,131072,2048,hyprefill,2048/1536/1536,graph,89,24.1859,16.2124,24.2327,24.1859,
25,8,131072,2048,hyprefill,2048/1536/1536,graph,90,24.1692,16.7297,24.2122,24.1692,
25,8,131072,2048,hyprefill,2048/1536/1536,graph,91,24.1710,17.5535,24.2134,24.1710,
25,8,131072,2048,hyprefill,2048/1536/1536,graph,92,24.2052,17.0043,24.2482,24.2052,
25,8,131072,2048,hyprefill,2048/1536/1536,graph,93,24.1955,16.2124,24.2398,24.1955,
25,8,131072,2048,hyprefill,2048/1536/1536,graph,94,24.2632,15.3886,24.3077,24.2632,
25,8,131072,2048,hyprefill,2048/1536/1536,graph,95,23.7629,15.6632,23.8173,23.7629,
25,8,131072,2048,hyprefill,2048/1536/1536,graph,96,23.9070,16.4551,23.9496,23.9070,
25,8,131072,2048,hyprefill,2048/1536/1536,graph,97,23.9167,15.6632,23.9634,23.9167,
25,8,131072,2048,hyprefill,2048/1536/1536,graph,98,23.8014,15.6632,23.8531,23.8014,
25,8,131072,2048,hyprefill,2048/1536/1536,graph,99,22.9388,16.7297,22.9846,22.9388,
25,8,131072,2048,hyprefill,2048/1536/1536,graph,100,23.4458,17.0043,23.4911,23.4458,
25,8,131072,2048,hyprefill,2048/1536/1536,graph,101,23.0196,16.7297,23.0633,23.0196,
25,8,131072,2048,hyprefill,2048/1536/1536,graph,102,23.6331,15.6632,23.6784,23.6331,
25,8,131072,2048,hyprefill,2048/1536/1536,graph,103,22.8001,16.4551,22.8440,22.8001,
25,8,131072,2048,hyprefill,2048/1536/1536,graph,104,23.5066,17.0043,23.5509,23.5066,
25,8,131072,2048,hyprefill,2048/1536/1536,graph,105,23.6130,17.0043,23.6561,23.6130,
25,8,131072,2048,hyprefill,2048/1536/1536,graph,106,24.1445,15.6632,24.1910,24.1445,
25,8,131072,2048,hyprefill,2048/1536/1536,graph,107,23.6418,15.9378,23.6820,23.6418,
25,8,131072,2048,hyprefill,2048/1536/1536,graph,108,23.5908,16.4551,23.6335,23.5908,
25,8,131072,2048,hyprefill,2048/1536/1536,graph,109,22.8187,16.7297,22.8615,22.8187,
25,8,131072,2048,hyprefill,2048/1536/1536,graph,110,24.1104,15.6632,24.1555,24.1104,
25,8,131072,2048,hyprefill,2048/1536/1536,graph,111,24.3377,15.9378,24.3816,24.3377,
25,8,131072,2048,hyprefill,2048/1536/1536,graph,112,24.3588,15.6632,24.4039,24.3588,
25,8,131072,2048,hyprefill,2048/1536/1536,graph,113,23.1380,17.0043,23.1801,23.1380,
25,8,131072,2048,hyprefill,2048/1536/1536,graph,114,23.4561,16.7297,23.5005,23.4561,
25,8,131072,2048,hyprefill,2048/1536/1536,graph,115,23.7978,17.0043,23.8405,23.7978,
25,8,131072,2048,hyprefill,2048/1536/1536,graph,116,23.5544,17.2789,23.6016,23.5544,
25,8,131072,2048,hyprefill,2048/1536/1536,graph,117,23.6724,16.4551,23.7189,23.6724,
25,8,131072,2048,hyprefill,2048/1536/1536,graph,118,23.5001,15.9378,23.5493,23.5001,
25,8,131072,2048,hyprefill,2048/1536/1536,graph,119,23.3535,15.1140,23.4044,23.3535,
25,8,131072,2048,hyprefill,2048/1536/1536,graph,120,23.7471,15.6632,23.7913,23.7471,
25,8,131072,2048,hyprefill,2048/1536/1536,graph,121,24.0524,15.6632,24.0989,24.0524,
25,8,131072,2048,hyprefill,2048/1536/1536,graph,122,23.4569,16.7297,23.5059,23.4569,
25,8,131072,2048,hyprefill,2048/1536/1536,graph,123,23.9559,17.2789,24.0009,23.9559,
25,8,131072,2048,hyprefill,2048/1536/1536,graph,124,23.8427,16.7297,23.8882,23.8427,
25,8,131072,2048,hyprefill,2048/1536/1536,graph,125,23.1439,17.0043,23.1897,23.1439,
25,8,131072,2048,hyprefill,2048/1536/1536,graph,126,23.4833,16.7297,23.5271,23.4833,
25,8,131072,2048,hyprefill,2048/1536/1536,graph,127,24.2577,15.6632,24.3066,24.2577,
25,8,131072,2048,hyprefill,2048/1536/1536,graph,128,23.9255,15.6632,23.9709,23.9255,
25,8,131072,2048,hyprefill,2048/1536/1536,graph,129,24.1401,15.6632,24.1847,24.1401,
25,8,131072,2048,hyprefill,2048/1536/1536,graph,130,23.8225,15.6632,23.8664,23.8225,
25,8,131072,2048,hyprefill,2048/1536/1536,graph,131,22.5894,17.0043,22.6398,22.5894,
25,8,131072,2048,hyprefill,2048/1536/1536,graph,132,23.5347,16.7297,23.5774,23.5347,
25,8,131072,2048,hyprefill,2048/1536/1536,graph,133,23.2967,17.0043,23.3394,23.2967,
25,8,131072,2048,hyprefill,2048/1536/1536,graph,134,23.2992,17.0043,23.3421,23.2992,
25,8,131072,2048,hyprefill,2048/1536/1536,graph,135,23.3799,16.4551,23.4219,23.3799,
25,8,131072,2048,hyprefill,2048/1536/1536,graph,136,23.8634,15.9378,23.9080,23.8634,
25,8,131072,2048,hyprefill,2048/1536/1536,graph,137,23.8144,15.6632,23.8576,23.8144,
25,8,131072,2048,hyprefill,2048/1536/1536,graph,138,23.4071,15.6632,23.4536,23.4071,
25,8,131072,2048,hyprefill,2048/1536/1536,graph,139,23.5680,15.3886,23.6128,23.5680,
25,8,131072,2048,hyprefill,2048/1536/1536,graph,140,23.6030,15.9378,23.6513,23.6030,
25,8,131072,2048,hyprefill,2048/1536/1536,graph,141,23.6929,16.4551,23.7385,23.6929,
25,8,131072,2048,hyprefill,2048/1536/1536,graph,142,24.2489,17.2789,24.2962,24.2489,
25,8,131072,2048,hyprefill,2048/1536/1536,graph,143,24.1879,17.2789,24.2371,24.1879,
25,8,131072,2048,hyprefill,2048/1536/1536,graph,144,24.2861,17.2789,24.3320,24.2861,
25,8,131072,2048,hyprefill,2048/1536/1536,graph,145,24.1103,15.9378,24.1592,24.1103,
25,8,131072,2048,hyprefill,2048/1536/1536,graph,146,24.0199,15.3886,24.0682,24.0199,
25,8,131072,2048,hyprefill,2048/1536/1536,graph,147,24.0347,15.3886,24.0826,24.0347,
25,8,131072,2048,hyprefill,2048/1536/1536,graph,148,23.7985,15.6632,23.8443,23.7985,
25,8,131072,2048,hyprefill,2048/1536/1536,graph,149,22.4921,16.4551,22.5351,22.4921,
25,8,131072,2048,hyprefill,2048/1536/1536,graph,150,23.6024,15.6632,23.6525,23.6024,
25,8,131072,2048,hyprefill,2048/1536/1536,graph,151,23.6971,17.0043,23.7426,23.6971,
25,8,131072,2048,hyprefill,2048/1536/1536,graph,152,21.2263,17.5217,21.2750,21.2263,
25,8,131072,2048,hyprefill,2048/1536/1536,graph,153,23.5635,15.9378,23.6208,23.5635,
25,8,131072,2048,hyprefill,2048/1536/1536,graph,154,23.8301,16.4551,23.8777,23.8301,
25,8,131072,2048,hyprefill,2048/1536/1536,graph,155,23.6071,15.9378,23.6548,23.6071,
25,8,131072,2048,hyprefill,2048/1536/1536,graph,156,24.3510,15.3886,24.3952,24.3510,
25,8,131072,2048,hyprefill,2048/1536/1536,graph,157,24.2687,15.9378,24.3147,24.2687,
25,8,131072,2048,hyprefill,2048/1536/1536,graph,158,24.2921,15.3886,24.3360,24.2921,
25,8,131072,2048,hyprefill,2048/1536/1536,graph,159,22.6309,16.7297,22.6736,22.6309,
25,8,131072,2048,hyprefill,2048/1536/1536,graph,160,20.8059,16.6979,20.8480,20.8059,
25,8,131072,2048,hyprefill,2048/1536/1536,graph,161,22.8263,16.7297,22.8690,22.8263,
25,8,131072,2048,hyprefill,2048/1536/1536,graph,162,23.6317,15.6632,23.6787,23.6317,
25,8,131072,2048,hyprefill,2048/1536/1536,graph,163,23.2557,16.7297,23.2979,23.2557,
25,8,131072,2048,hyprefill,2048/1536/1536,graph,164,24.0362,15.9378,24.0820,24.0362,
25,8,131072,2048,hyprefill,2048/1536/1536,graph,165,24.2361,15.9378,24.2790,24.2361,
25,8,131072,2048,hyprefill,2048/1536/1536,graph,166,24.1220,15.9378,24.1678,24.1220,
25,8,131072,2048,hyprefill,2048/1536/1536,graph,167,24.1776,15.6632,24.2208,24.1776,
25,8,131072,2048,hyprefill,2048/1536/1536,graph,168,23.5284,17.0043,23.5706,23.5284,
25,8,131072,2048,hyprefill,2048/1536/1536,graph,169,24.2792,17.2789,24.3218,24.2792,
25,8,131072,2048,hyprefill,2048/1536/1536,graph,170,23.8985,17.0043,23.9436,23.8985,
25,8,131072,2048,hyprefill,2048/1536/1536,graph,171,24.0093,17.2789,24.0514,24.0093,
25,8,131072,2048,hyprefill,2048/1536/1536,graph,172,24.1543,17.0043,24.1940,24.1543,
25,8,131072,2048,hyprefill,2048/1536/1536,graph,173,24.1958,17.0043,24.2392,24.1958,
25,8,131072,2048,hyprefill,2048/1536/1536,graph,174,23.1646,15.6632,23.2092,23.1646,
25,8,131072,2048,hyprefill,2048/1536/1536,graph,175,23.4957,15.1140,23.5400,23.4957,
25,8,131072,2048,hyprefill,2048/1536/1536,graph,176,23.0981,15.1140,23.1423,23.0981,
25,8,131072,2048,hyprefill,2048/1536/1536,graph,177,24.3024,15.6632,24.3492,24.3024,
25,8,131072,2048,hyprefill,2048/1536/1536,graph,178,23.1437,17.0043,23.1867,23.1437,
25,8,131072,2048,hyprefill,2048/1536/1536,graph,179,23.8585,17.0043,23.9005,23.8585,
25,8,131072,2048,hyprefill,2048/1536/1536,graph,180,24.1982,15.6632,24.2431,24.1982,
25,8,131072,2048,hyprefill,2048/1536/1536,graph,181,23.3540,17.2789,23.3965,23.3540,
25,8,131072,2048,hyprefill,2048/1536/1536,graph,182,24.1433,16.4551,24.1845,24.1433,
25,8,131072,2048,hyprefill,2048/1536/1536,graph,183,23.1944,17.5535,23.2384,23.1944,
25,8,131072,2048,hyprefill,2048/1536/1536,graph,184,23.8651,15.3886,23.9107,23.8651,
25,8,131072,2048,hyprefill,2048/1536/1536,graph,185,23.7656,15.6632,23.8102,23.7656,
25,8,131072,2048,hyprefill,2048/1536/1536,graph,186,23.8412,16.4551,23.8835,23.8412,
25,8,131072,2048,hyprefill,2048/1536/1536,graph,187,23.7898,17.5535,23.8326,23.7898,
25,8,131072,2048,hyprefill,2048/1536/1536,graph,188,23.7667,16.7297,23.8144,23.7667,
25,8,131072,2048,hyprefill,2048/1536/1536,graph,189,23.5964,16.2124,23.6440,23.5964,
25,8,131072,2048,hyprefill,2048/1536/1536,graph,190,23.6917,16.4551,23.7470,23.6917,
25,8,131072,2048,hyprefill,2048/1536/1536,graph,191,22.9742,16.7297,23.0232,22.9742,
25,8,131072,2048,hyprefill,2048/1536/1536,graph,192,24.1913,16.2124,24.2391,24.1913,
25,8,131072,2048,hyprefill,2048/1536/1536,graph,193,23.9305,15.3886,23.9762,23.9305,
25,8,131072,2048,hyprefill,2048/1536/1536,graph,194,24.1768,15.9378,24.2216,24.1768,
25,8,131072,2048,hyprefill,2048/1536/1536,graph,195,23.8316,15.3886,23.8746,23.8316,
25,8,131072,2048,hyprefill,2048/1536/1536,graph,196,22.4762,16.1805,22.5188,22.4762,
25,8,131072,2048,hyprefill,2048/1536/1536,graph,197,23.2427,17.0043,23.2867,23.2427,
25,8,131072,2048,hyprefill,2048/1536/1536,graph,198,23.4780,17.0043,23.5247,23.4780,
25,8,131072,2048,hyprefill,2048/1536/1536,graph,199,23.3452,17.2789,23.3915,23.3452,
25,8,131072,2048,hyprefill,1024/1024/1024,graph,0,24.3198,16.8252,24.3665,24.3198,
25,8,131072,2048,hyprefill,1024/1024/1024,graph,1,24.4214,17.0998,24.4651,24.4214,
25,8,131072,2048,hyprefill,1024/1024/1024,graph,2,24.0811,16.5506,24.1264,24.0811,
25,8,131072,2048,hyprefill,1024/1024/1024,graph,3,22.1070,17.5853,22.1517,22.1070,
25,8,131072,2048,hyprefill,1024/1024/1024,graph,4,23.3834,17.6171,23.4292,23.3834,
25,8,131072,2048,hyprefill,1024/1024/1024,graph,5,23.7978,17.6171,23.8429,23.7978,
25,8,131072,2048,hyprefill,1024/1024/1024,graph,6,23.7141,17.6171,23.7672,23.7141,
25,8,131072,2048,hyprefill,1024/1024/1024,graph,7,24.5193,16.8252,24.5659,24.5193,
25,8,131072,2048,hyprefill,1024/1024/1024,graph,8,24.1602,17.0998,24.2077,24.1602,
25,8,131072,2048,hyprefill,1024/1024/1024,graph,9,24.3070,17.0998,24.3518,24.3070,
25,8,131072,2048,hyprefill,1024/1024/1024,graph,10,24.2578,16.8252,24.3016,24.2578,
25,8,131072,2048,hyprefill,1024/1024/1024,graph,11,23.8675,17.6171,23.9102,23.8675,
25,8,131072,2048,hyprefill,1024/1024/1024,graph,12,22.1921,17.8599,22.2364,22.1921,
25,8,131072,2048,hyprefill,1024/1024/1024,graph,13,24.1704,17.8917,24.2133,24.1704,
25,8,131072,2048,hyprefill,1024/1024/1024,graph,14,24.1604,17.8917,24.2064,24.1604,
25,8,131072,2048,hyprefill,1024/1024/1024,graph,15,24.2669,17.0998,24.3124,24.2669,
25,8,131072,2048,hyprefill,1024/1024/1024,graph,16,24.4284,17.0998,24.4724,24.4284,
25,8,131072,2048,hyprefill,1024/1024/1024,graph,17,24.3868,16.2760,24.4310,24.3868,
25,8,131072,2048,hyprefill,1024/1024/1024,graph,18,24.1385,17.3744,24.1821,24.1385,
25,8,131072,2048,hyprefill,1024/1024/1024,graph,19,23.5613,17.3425,23.6067,23.5613,
25,8,131072,2048,hyprefill,1024/1024/1024,graph,20,23.8175,17.8917,23.8692,23.8175,
25,8,131072,2048,hyprefill,1024/1024/1024,graph,21,23.7573,17.6171,23.8012,23.7573,
25,8,131072,2048,hyprefill,1024/1024/1024,graph,22,24.1670,18.1663,24.2165,24.1670,
25,8,131072,2048,hyprefill,1024/1024/1024,graph,23,24.0558,17.3425,24.0999,24.0558,
25,8,131072,2048,hyprefill,1024/1024/1024,graph,24,24.4713,17.6490,24.5152,24.4713,
25,8,131072,2048,hyprefill,1024/1024/1024,graph,25,24.0146,16.2760,24.0591,24.0146,
25,8,131072,2048,hyprefill,1024/1024/1024,graph,26,24.3913,17.3744,24.4350,24.3913,
25,8,131072,2048,hyprefill,1024/1024/1024,graph,27,24.0720,16.7934,24.1204,24.0720,
25,8,131072,2048,hyprefill,1024/1024/1024,graph,28,24.3506,17.9235,24.3985,24.3506,
25,8,131072,2048,hyprefill,1024/1024/1024,graph,29,23.0665,17.3107,23.1098,23.0665,
25,8,131072,2048,hyprefill,1024/1024/1024,graph,30,24.2921,17.6490,24.3392,24.2921,
25,8,131072,2048,hyprefill,1024/1024/1024,graph,31,24.4017,17.3425,24.4449,24.4017,
25,8,131072,2048,hyprefill,1024/1024/1024,graph,32,23.8100,18.1663,23.8597,23.8100,
25,8,131072,2048,hyprefill,1024/1024/1024,graph,33,24.4429,16.5506,24.4869,24.4429,
25,8,131072,2048,hyprefill,1024/1024/1024,graph,34,24.3514,17.0998,24.3938,24.3514,
25,8,131072,2048,hyprefill,1024/1024/1024,graph,35,23.9510,17.3425,23.9939,23.9510,
25,8,131072,2048,hyprefill,1024/1024/1024,graph,36,23.9542,17.6490,23.9994,23.9542,
25,8,131072,2048,hyprefill,1024/1024/1024,graph,37,24.5311,17.0679,24.5732,24.5311,
25,8,131072,2048,hyprefill,1024/1024/1024,graph,38,24.6258,17.3744,24.6710,24.6258,
25,8,131072,2048,hyprefill,1024/1024/1024,graph,39,24.3740,16.8252,24.4176,24.3740,
25,8,131072,2048,hyprefill,1024/1024/1024,graph,40,24.0929,17.6171,24.1360,24.0929,
25,8,131072,2048,hyprefill,1024/1024/1024,graph,41,24.2783,17.3744,24.3234,24.2783,
25,8,131072,2048,hyprefill,1024/1024/1024,graph,42,24.4228,17.0998,24.4625,24.4228,
25,8,131072,2048,hyprefill,1024/1024/1024,graph,43,24.1828,17.3425,24.2252,24.1828,
25,8,131072,2048,hyprefill,1024/1024/1024,graph,44,24.4525,17.0998,24.5053,24.4525,
25,8,131072,2048,hyprefill,1024/1024/1024,graph,45,23.6562,17.8917,23.6993,23.6562,
25,8,131072,2048,hyprefill,1024/1024/1024,graph,46,24.4183,17.8917,24.4609,24.4183,
25,8,131072,2048,hyprefill,1024/1024/1024,graph,47,24.3095,16.8252,24.3647,24.3095,
25,8,131072,2048,hyprefill,1024/1024/1024,graph,48,24.1236,17.8917,24.1696,24.1236,
25,8,131072,2048,hyprefill,1024/1024/1024,graph,49,24.0495,17.6171,24.0939,24.0495,
25,8,131072,2048,hyprefill,1024/1024/1024,graph,50,24.3292,17.0998,24.3743,24.3292,
25,8,131072,2048,hyprefill,1024/1024/1024,graph,51,24.3164,16.8252,24.3625,24.3164,
25,8,131072,2048,hyprefill,1024/1024/1024,graph,52,24.2961,17.0998,24.3408,24.2961,
25,8,131072,2048,hyprefill,1024/1024/1024,graph,53,24.2566,17.3425,24.3007,24.2566,
25,8,131072,2048,hyprefill,1024/1024/1024,graph,54,24.2910,17.8917,24.3342,24.2910,
25,8,131072,2048,hyprefill,1024/1024/1024,graph,55,24.5578,17.3744,24.6022,24.5578,
25,8,131072,2048,hyprefill,1024/1024/1024,graph,56,24.1740,17.0998,24.2190,24.1740,
25,8,131072,2048,hyprefill,1024/1024/1024,graph,57,24.3734,17.3425,24.4171,24.3734,
25,8,131072,2048,hyprefill,1024/1024/1024,graph,58,24.3061,17.3744,24.3501,24.3061,
25,8,131072,2048,hyprefill,1024/1024/1024,graph,59,24.4553,16.8252,24.5056,24.4553,
25,8,131072,2048,hyprefill,1024/1024/1024,graph,60,24.0142,17.0998,24.0586,24.0142,
25,8,131072,2048,hyprefill,1024/1024/1024,graph,61,24.5091,17.3425,24.5522,24.5091,
25,8,131072,2048,hyprefill,1024/1024/1024,graph,62,24.0217,17.8917,24.0677,24.0217,
25,8,131072,2048,hyprefill,1024/1024/1024,graph,63,24.3625,17.3425,24.4061,24.3625,
25,8,131072,2048,hyprefill,1024/1024/1024,graph,64,24.4313,17.0998,24.4738,24.4313,
25,8,131072,2048,hyprefill,1024/1024/1024,graph,65,24.4948,16.8252,24.5495,24.4948,
25,8,131072,2048,hyprefill,1024/1024/1024,graph,66,24.3993,17.0998,24.4463,24.3993,
25,8,131072,2048,hyprefill,1024/1024/1024,graph,67,24.2829,16.5506,24.3270,24.2829,
25,8,131072,2048,hyprefill,1024/1024/1024,graph,68,24.2837,17.3744,24.3290,24.2837,
25,8,131072,2048,hyprefill,1024/1024/1024,graph,69,23.7006,16.7934,23.7444,23.7006,
25,8,131072,2048,hyprefill,1024/1024/1024,graph,70,24.1487,17.9235,24.1930,24.1487,
25,8,131072,2048,hyprefill,1024/1024/1024,graph,71,24.0166,17.0679,24.0584,24.0166,
25,8,131072,2048,hyprefill,1024/1024/1024,graph,72,24.3277,17.6490,24.3707,24.3277,
25,8,131072,2048,hyprefill,1024/1024/1024,graph,73,24.1818,16.8252,24.2255,24.1818,
25,8,131072,2048,hyprefill,1024/1024/1024,graph,74,24.4708,17.6490,24.5146,24.4708,
25,8,131072,2048,hyprefill,1024/1024/1024,graph,75,24.1772,16.7934,24.2185,24.1772,
25,8,131072,2048,hyprefill,1024/1024/1024,graph,76,24.2705,17.3744,24.3140,24.2705,
25,8,131072,2048,hyprefill,1024/1024/1024,graph,77,24.0732,17.3425,24.1171,24.0732,
25,8,131072,2048,hyprefill,1024/1024/1024,graph,78,24.4656,17.6490,24.5136,24.4656,
25,8,131072,2048,hyprefill,1024/1024/1024,graph,79,24.1880,17.3425,24.2359,24.1880,
25,8,131072,2048,hyprefill,1024/1024/1024,graph,80,24.3315,17.6490,24.3781,24.3315,
25,8,131072,2048,hyprefill,1024/1024/1024,graph,81,24.5130,16.0014,24.5601,24.5130,
25,8,131072,2048,hyprefill,1024/1024/1024,graph,82,24.3465,18.1981,24.3986,24.3465,
25,8,131072,2048,hyprefill,1024/1024/1024,graph,83,24.3511,16.7934,24.3979,24.3511,
25,8,131072,2048,hyprefill,1024/1024/1024,graph,84,24.1550,17.9235,24.2048,24.1550,
25,8,131072,2048,hyprefill,1024/1024/1024,graph,85,23.6979,16.5188,23.7437,23.6979,
25,8,131072,2048,hyprefill,1024/1024/1024,graph,86,24.1321,17.9235,24.1770,24.1321,
25,8,131072,2048,hyprefill,1024/1024/1024,graph,87,22.9171,17.0361,22.9617,22.9171,
25,8,131072,2048,hyprefill,1024/1024/1024,graph,88,24.0331,18.1981,24.0759,24.0331,
25,8,131072,2048,hyprefill,1024/1024/1024,graph,89,24.3128,16.2760,24.3579,24.3128,
25,8,131072,2048,hyprefill,1024/1024/1024,graph,90,24.1671,17.6490,24.2093,24.1671,
25,8,131072,2048,hyprefill,1024/1024/1024,graph,91,24.5353,16.5506,24.5805,24.5353,
25,8,131072,2048,hyprefill,1024/1024/1024,graph,92,24.3176,17.3744,24.3650,24.3176,
25,8,131072,2048,hyprefill,1024/1024/1024,graph,93,23.9840,17.0679,24.0286,23.9840,
25,8,131072,2048,hyprefill,1024/1024/1024,graph,94,24.3899,17.6490,24.4340,24.3899,
25,8,131072,2048,hyprefill,1024/1024/1024,graph,95,23.8201,17.3425,23.8651,23.8201,
25,8,131072,2048,hyprefill,1024/1024/1024,graph,96,23.8355,17.8917,23.8786,23.8355,
25,8,131072,2048,hyprefill,1024/1024/1024,graph,97,24.0346,17.6171,24.0782,24.0346,
25,8,131072,2048,hyprefill,1024/1024/1024,graph,98,24.3089,16.8252,24.3546,24.3089,
25,8,131072,2048,hyprefill,1024/1024/1024,graph,99,24.1371,17.0998,24.1894,24.1371,
25,8,131072,2048,hyprefill,1024/1024/1024,graph,100,24.5185,17.0998,24.5673,24.5185,
25,8,131072,2048,hyprefill,1024/1024/1024,graph,101,23.9970,17.3425,24.0414,23.9970,
25,8,131072,2048,hyprefill,1024/1024/1024,graph,102,24.3451,17.6490,24.3920,24.3451,
25,8,131072,2048,hyprefill,1024/1024/1024,graph,103,24.2202,17.0679,24.2637,24.2202,
25,8,131072,2048,hyprefill,1024/1024/1024,graph,104,23.8478,18.1663,23.8917,23.8478,
25,8,131072,2048,hyprefill,1024/1024/1024,graph,105,24.0946,17.6171,24.1388,24.0946,
25,8,131072,2048,hyprefill,1024/1024/1024,graph,106,24.5020,17.3744,24.5476,24.5020,
25,8,131072,2048,hyprefill,1024/1024/1024,graph,107,24.4824,16.8252,24.5236,24.4824,
25,8,131072,2048,hyprefill,1024/1024/1024,graph,108,24.3135,17.0998,24.3602,24.3135,
25,8,131072,2048,hyprefill,1024/1024/1024,graph,109,24.2340,17.3425,24.2778,24.2340,
25,8,131072,2048,hyprefill,1024/1024/1024,graph,110,23.9628,17.0998,24.0086,23.9628,
25,8,131072,2048,hyprefill,1024/1024/1024,graph,111,23.7266,17.3425,23.7723,23.7266,
25,8,131072,2048,hyprefill,1024/1024/1024,graph,112,24.2382,17.3744,24.2833,24.2382,
25,8,131072,2048,hyprefill,1024/1024/1024,graph,113,23.9853,17.3425,24.0277,23.9853,
25,8,131072,2048,hyprefill,1024/1024/1024,graph,114,24.0941,17.0998,24.1390,24.0941,
25,8,131072,2048,hyprefill,1024/1024/1024,graph,115,23.8780,17.6171,23.9226,23.8780,
25,8,131072,2048,hyprefill,1024/1024/1024,graph,116,24.2456,17.6490,24.2964,24.2456,
25,8,131072,2048,hyprefill,1024/1024/1024,graph,117,24.3037,16.7934,24.3485,24.3037,
25,8,131072,2048,hyprefill,1024/1024/1024,graph,118,24.3515,17.6490,24.3993,24.3515,
25,8,131072,2048,hyprefill,1024/1024/1024,graph,119,24.3406,17.0679,24.3863,24.3406,
25,8,131072,2048,hyprefill,1024/1024/1024,graph,120,24.4253,18.1981,24.4726,24.4253,
25,8,131072,2048,hyprefill,1024/1024/1024,graph,121,24.0462,16.5188,24.0894,24.0462,
25,8,131072,2048,hyprefill,1024/1024/1024,graph,122,24.3621,17.6490,24.4062,24.3621,
25,8,131072,2048,hyprefill,1024/1024/1024,graph,123,24.0327,16.7934,24.0761,24.0327,
25,8,131072,2048,hyprefill,1024/1024/1024,graph,124,24.6173,18.1981,24.6621,24.6173,
25,8,131072,2048,hyprefill,1024/1024/1024,graph,125,24.0145,16.7934,24.0593,24.0145,
25,8,131072,2048,hyprefill,1024/1024/1024,graph,126,24.4667,17.9235,24.5108,24.4667,
25,8,131072,2048,hyprefill,1024/1024/1024,graph,127,23.8204,16.7934,23.8648,23.8204,
25,8,131072,2048,hyprefill,1024/1024/1024,graph,128,24.2250,17.9235,24.2691,24.2250,
25,8,131072,2048,hyprefill,1024/1024/1024,graph,129,23.9698,16.7934,24.0141,23.9698,
25,8,131072,2048,hyprefill,1024/1024/1024,graph,130,24.3887,18.1981,24.4325,24.3887,
25,8,131072,2048,hyprefill,1024/1024/1024,graph,131,24.3424,16.7934,24.3866,24.3424,
25,8,131072,2048,hyprefill,1024/1024/1024,graph,132,24.1547,17.9235,24.2058,24.1547,
25,8,131072,2048,hyprefill,1024/1024/1024,graph,133,24.4067,16.7934,24.4536,24.4067,
25,8,131072,2048,hyprefill,1024/1024/1024,graph,134,24.3482,17.9235,24.3922,24.3482,
25,8,131072,2048,hyprefill,1024/1024/1024,graph,135,24.2866,17.0679,24.3298,24.2866,
25,8,131072,2048,hyprefill,1024/1024/1024,graph,136,24.3434,17.9235,24.3876,24.3434,
25,8,131072,2048,hyprefill,1024/1024/1024,graph,137,24.3593,16.8252,24.4047,24.3593,
25,8,131072,2048,hyprefill,1024/1024/1024,graph,138,23.9956,17.6171,24.0371,23.9956,
25,8,131072,2048,hyprefill,1024/1024/1024,graph,139,23.9799,17.8917,24.0249,23.9799,
25,8,131072,2048,hyprefill,1024/1024/1024,graph,140,24.4461,17.8917,24.4886,24.4461,
25,8,131072,2048,hyprefill,1024/1024/1024,graph,141,24.3123,16.8252,24.3557,24.3123,
25,8,131072,2048,hyprefill,1024/1024/1024,graph,142,24.5469,17.0998,24.5906,24.5469,
25,8,131072,2048,hyprefill,1024/1024/1024,graph,143,24.1319,17.8917,24.1758,24.1319,
25,8,131072,2048,hyprefill,1024/1024/1024,graph,144,24.4712,16.8252,24.5145,24.4712,
25,8,131072,2048,hyprefill,1024/1024/1024,graph,145,24.4664,16.8252,24.5125,24.4664,
25,8,131072,2048,hyprefill,1024/1024/1024,graph,146,24.0734,17.6171,24.1166,24.0734,
25,8,131072,2048,hyprefill,1024/1024/1024,graph,147,23.8305,17.8917,23.8732,23.8305,
25,8,131072,2048,hyprefill,1024/1024/1024,graph,148,24.3794,16.8252,24.4236,24.3794,
25,8,131072,2048,hyprefill,1024/1024/1024,graph,149,24.3133,16.8252,24.3566,24.3133,
25,8,131072,2048,hyprefill,1024/1024/1024,graph,150,24.3380,16.8252,24.3834,24.3380,
25,8,131072,2048,hyprefill,1024/1024/1024,graph,151,24.1234,17.3744,24.1658,24.1234,
25,8,131072,2048,hyprefill,1024/1024/1024,graph,152,24.2685,17.3425,24.3192,24.2685,
25,8,131072,2048,hyprefill,1024/1024/1024,graph,153,24.0887,18.1663,24.1334,24.0887,
25,8,131072,2048,hyprefill,1024/1024/1024,graph,154,24.4306,17.6171,24.4728,24.4306,
25,8,131072,2048,hyprefill,1024/1024/1024,graph,155,24.3806,17.8917,24.4244,24.3806,
25,8,131072,2048,hyprefill,1024/1024/1024,graph,156,24.3099,17.0998,24.3543,24.3099,
25,8,131072,2048,hyprefill,1024/1024/1024,graph,157,24.5804,16.8252,24.6245,24.5804,
25,8,131072,2048,hyprefill,1024/1024/1024,graph,158,24.3716,17.3744,24.4164,24.3716,
25,8,131072,2048,hyprefill,1024/1024/1024,graph,159,24.5574,16.5506,24.6019,24.5574,
25,8,131072,2048,hyprefill,1024/1024/1024,graph,160,24.2180,17.0998,24.2693,24.2180,
25,8,131072,2048,hyprefill,1024/1024/1024,graph,161,23.8307,17.0679,23.8759,23.8307,
25,8,131072,2048,hyprefill,1024/1024/1024,graph,162,23.0745,17.8917,23.1218,23.0745,
25,8,131072,2048,hyprefill,1024/1024/1024,graph,163,24.5058,16.5506,24.5519,24.5058,
25,8,131072,2048,hyprefill,1024/1024/1024,graph,164,23.9004,17.0998,23.9524,23.9004,
25,8,131072,2048,hyprefill,1024/1024/1024,graph,165,24.2907,17.0998,24.3354,24.2907,
25,8,131072,2048,hyprefill,1024/1024/1024,graph,166,24.1145,16.8252,24.1603,24.1145,
25,8,131072,2048,hyprefill,1024/1024/1024,graph,167,24.4515,17.0998,24.4960,24.4515,
25,8,131072,2048,hyprefill,1024/1024/1024,graph,168,24.2345,17.0679,24.2785,24.2345,
25,8,131072,2048,hyprefill,1024/1024/1024,graph,169,23.6993,18.4409,23.7457,23.6993,
25,8,131072,2048,hyprefill,1024/1024/1024,graph,170,24.4554,17.0679,24.4996,24.4554,
25,8,131072,2048,hyprefill,1024/1024/1024,graph,171,24.3850,17.6490,24.4300,24.3850,
25,8,131072,2048,hyprefill,1024/1024/1024,graph,172,24.6146,16.2760,24.6558,24.6146,
25,8,131072,2048,hyprefill,1024/1024/1024,graph,173,24.1447,17.3744,24.1897,24.1447,
25,8,131072,2048,hyprefill,1024/1024/1024,graph,174,24.3862,17.3425,24.4303,24.3862,
25,8,131072,2048,hyprefill,1024/1024/1024,graph,175,24.1458,17.6490,24.1912,24.1458,
25,8,131072,2048,hyprefill,1024/1024/1024,graph,176,24.1319,17.0679,24.1767,24.1319,
25,8,131072,2048,hyprefill,1024/1024/1024,graph,177,24.0821,17.9235,24.1284,24.0821,
25,8,131072,2048,hyprefill,1024/1024/1024,graph,178,24.2301,17.3425,24.2930,24.2301,
25,8,131072,2048,hyprefill,1024/1024/1024,graph,179,24.5741,17.6490,24.6198,24.5741,
25,8,131072,2048,hyprefill,1024/1024/1024,graph,180,24.2453,16.2760,24.2912,24.2453,
25,8,131072,2048,hyprefill,1024/1024/1024,graph,181,24.3844,17.0998,24.4283,24.3844,
25,8,131072,2048,hyprefill,1024/1024/1024,graph,182,24.3700,16.5506,24.4163,24.3700,
25,8,131072,2048,hyprefill,1024/1024/1024,graph,183,24.2657,17.6490,24.3111,24.2657,
25,8,131072,2048,hyprefill,1024/1024/1024,graph,184,24.3708,16.8252,24.4164,24.3708,
25,8,131072,2048,hyprefill,1024/1024/1024,graph,185,24.3592,17.0998,24.4048,24.3592,
25,8,131072,2048,hyprefill,1024/1024/1024,graph,186,22.6452,17.8599,22.6897,22.6452,
25,8,131072,2048,hyprefill,1024/1024/1024,graph,187,24.5471,17.3744,24.5933,24.5471,
25,8,131072,2048,hyprefill,1024/1024/1024,graph,188,24.2639,16.8252,24.3095,24.2639,
25,8,131072,2048,hyprefill,1024/1024/1024,graph,189,23.9853,17.6171,24.0296,23.9853,
25,8,131072,2048,hyprefill,1024/1024/1024,graph,190,24.1909,16.8252,24.2366,24.1909,
25,8,131072,2048,hyprefill,1024/1024/1024,graph,191,24.4590,17.6490,24.5042,24.4590,
25,8,131072,2048,hyprefill,1024/1024/1024,graph,192,24.4144,16.5506,24.4610,24.4144,
25,8,131072,2048,hyprefill,1024/1024/1024,graph,193,24.4572,17.0998,24.5012,24.4572,
25,8,131072,2048,hyprefill,1024/1024/1024,graph,194,21.6996,17.8281,21.7444,21.6996,
25,8,131072,2048,hyprefill,1024/1024/1024,graph,195,24.4106,17.3744,24.4550,24.4106,
25,8,131072,2048,hyprefill,1024/1024/1024,graph,196,24.3809,16.5506,24.4267,24.3809,
25,8,131072,2048,hyprefill,1024/1024/1024,graph,197,24.2098,17.6490,24.2557,24.2098,
25,8,131072,2048,hyprefill,1024/1024/1024,graph,198,24.4626,16.8252,24.5084,24.4626,
25,8,131072,2048,hyprefill,1024/1024/1024,graph,199,23.8963,17.6171,23.9404,23.8963,
25,8,131072,2048,hyprefill,1536/1536/1536,graph,0,23.4462,15.6632,23.4923,23.4462,
25,8,131072,2048,hyprefill,1536/1536/1536,graph,1,22.4065,16.4551,22.4581,22.4065,
25,8,131072,2048,hyprefill,1536/1536/1536,graph,2,23.9539,15.9378,24.0054,23.9539,
25,8,131072,2048,hyprefill,1536/1536/1536,graph,3,23.7457,15.6632,23.7976,23.7457,
25,8,131072,2048,hyprefill,1536/1536/1536,graph,4,23.8761,15.6632,23.9237,23.8761,
25,8,131072,2048,hyprefill,1536/1536/1536,graph,5,23.3214,15.6632,23.3693,23.3214,
25,8,131072,2048,hyprefill,1536/1536/1536,graph,6,23.2387,15.3886,23.2864,23.2387,
25,8,131072,2048,hyprefill,1536/1536/1536,graph,7,23.2753,15.3886,23.3212,23.2753,
25,8,131072,2048,hyprefill,1536/1536/1536,graph,8,23.6628,15.9378,23.7097,23.6628,
25,8,131072,2048,hyprefill,1536/1536/1536,graph,9,22.9840,16.7297,23.0291,22.9840,
25,8,131072,2048,hyprefill,1536/1536/1536,graph,10,23.0604,17.0043,23.1051,23.0604,
25,8,131072,2048,hyprefill,1536/1536/1536,graph,11,23.8308,15.6632,23.8799,23.8308,
25,8,131072,2048,hyprefill,1536/1536/1536,graph,12,23.9463,15.6632,23.9945,23.9463,
25,8,131072,2048,hyprefill,1536/1536/1536,graph,13,23.5743,15.3886,23.6263,23.5743,
25,8,131072,2048,hyprefill,1536/1536/1536,graph,14,23.5725,15.3886,23.6203,23.5725,
25,8,131072,2048,hyprefill,1536/1536/1536,graph,15,23.9546,16.2124,24.0025,23.9546,
25,8,131072,2048,hyprefill,1536/1536/1536,graph,16,24.2892,15.3886,24.3333,24.2892,
25,8,131072,2048,hyprefill,1536/1536/1536,graph,17,23.7602,16.2124,23.8084,23.7602,
25,8,131072,2048,hyprefill,1536/1536/1536,graph,18,23.2364,16.1805,23.2845,23.2364,
25,8,131072,2048,hyprefill,1536/1536/1536,graph,19,23.2510,15.6632,23.3066,23.2510,
25,8,131072,2048,hyprefill,1536/1536/1536,graph,20,23.6812,15.6632,23.7339,23.6812,
25,8,131072,2048,hyprefill,1536/1536/1536,graph,21,23.3749,15.6632,23.4222,23.3749,
25,8,131072,2048,hyprefill,1536/1536/1536,graph,22,23.8211,15.3886,23.8676,23.8211,
25,8,131072,2048,hyprefill,1536/1536/1536,graph,23,23.5830,15.9378,23.6302,23.5830,
25,8,131072,2048,hyprefill,1536/1536/1536,graph,24,23.4238,15.3886,23.4706,23.4238,
25,8,131072,2048,hyprefill,1536/1536/1536,graph,25,22.7831,17.0043,22.8296,22.7831,
25,8,131072,2048,hyprefill,1536/1536/1536,graph,26,22.8908,16.1805,22.9353,22.8908,
25,8,131072,2048,hyprefill,1536/1536/1536,graph,27,23.3760,15.6632,23.4241,23.3760,
25,8,131072,2048,hyprefill,1536/1536/1536,graph,28,22.3095,16.7297,22.3543,22.3095,
25,8,131072,2048,hyprefill,1536/1536/1536,graph,29,23.5452,15.6632,23.5921,23.5452,
25,8,131072,2048,hyprefill,1536/1536/1536,graph,30,23.3090,14.8394,23.3546,23.3090,
25,8,131072,2048,hyprefill,1536/1536/1536,graph,31,23.8939,16.4869,23.9516,23.8939,
25,8,131072,2048,hyprefill,1536/1536/1536,graph,32,23.2960,15.3886,23.3417,23.2960,
25,8,131072,2048,hyprefill,1536/1536/1536,graph,33,22.3687,16.1805,22.4130,22.3687,
25,8,131072,2048,hyprefill,1536/1536/1536,graph,34,23.8781,15.6632,23.9248,23.8781,
25,8,131072,2048,hyprefill,1536/1536/1536,graph,35,23.3331,15.9378,23.3850,23.3331,
25,8,131072,2048,hyprefill,1536/1536/1536,graph,36,22.5998,16.1805,22.6493,22.5998,
25,8,131072,2048,hyprefill,1536/1536/1536,graph,37,23.3433,15.9378,23.3923,23.3433,
25,8,131072,2048,hyprefill,1536/1536/1536,graph,38,23.7427,15.1140,23.7915,23.7427,
25,8,131072,2048,hyprefill,1536/1536/1536,graph,39,24.0631,15.9378,24.1075,24.0631,
25,8,131072,2048,hyprefill,1536/1536/1536,graph,40,23.6027,15.3886,23.6540,23.6027,
25,8,131072,2048,hyprefill,1536/1536/1536,graph,41,23.7802,15.6632,23.8261,23.7802,
25,8,131072,2048,hyprefill,1536/1536/1536,graph,42,22.6577,16.7297,22.6997,22.6577,
25,8,131072,2048,hyprefill,1536/1536/1536,graph,43,23.5790,15.3886,23.6337,23.5790,
25,8,131072,2048,hyprefill,1536/1536/1536,graph,44,23.7836,16.2124,23.8342,23.7836,
25,8,131072,2048,hyprefill,1536/1536/1536,graph,45,23.6832,15.3886,23.7308,23.6832,
25,8,131072,2048,hyprefill,1536/1536/1536,graph,46,23.7071,15.3886,23.7578,23.7071,
25,8,131072,2048,hyprefill,1536/1536/1536,graph,47,23.5922,15.9378,23.6396,23.5922,
25,8,131072,2048,hyprefill,1536/1536/1536,graph,48,23.9216,15.3886,23.9677,23.9216,
25,8,131072,2048,hyprefill,1536/1536/1536,graph,49,23.7454,16.2124,23.7924,23.7454,
25,8,131072,2048,hyprefill,1536/1536/1536,graph,50,22.7085,15.9059,22.7527,22.7085,
25,8,131072,2048,hyprefill,1536/1536/1536,graph,51,23.6662,16.2124,23.7192,23.6662,
25,8,131072,2048,hyprefill,1536/1536/1536,graph,52,22.4637,16.1805,22.5105,22.4637,
25,8,131072,2048,hyprefill,1536/1536/1536,graph,53,23.9811,15.6632,24.0282,23.9811,
25,8,131072,2048,hyprefill,1536/1536/1536,graph,54,24.0243,15.9378,24.0720,24.0243,
25,8,131072,2048,hyprefill,1536/1536/1536,graph,55,23.2009,15.6632,23.2470,23.2009,
25,8,131072,2048,hyprefill,1536/1536/1536,graph,56,23.6893,15.3886,23.7353,23.6893,
25,8,131072,2048,hyprefill,1536/1536/1536,graph,57,23.6635,15.6632,23.7091,23.6635,
25,8,131072,2048,hyprefill,1536/1536/1536,graph,58,21.7162,15.6314,21.7596,21.7162,
25,8,131072,2048,hyprefill,1536/1536/1536,graph,59,23.6958,16.2124,23.7420,23.6958,
25,8,131072,2048,hyprefill,1536/1536/1536,graph,60,23.9398,15.3886,23.9842,23.9398,
25,8,131072,2048,hyprefill,1536/1536/1536,graph,61,23.9117,16.2124,23.9565,23.9117,
25,8,131072,2048,hyprefill,1536/1536/1536,graph,62,24.1867,15.6632,24.2316,24.1867,
25,8,131072,2048,hyprefill,1536/1536/1536,graph,63,23.3833,15.6632,23.4282,23.3833,
25,8,131072,2048,hyprefill,1536/1536/1536,graph,64,23.9604,15.6632,24.0034,23.9604,
25,8,131072,2048,hyprefill,1536/1536/1536,graph,65,23.4577,15.6632,23.5015,23.4577,
25,8,131072,2048,hyprefill,1536/1536/1536,graph,66,23.7081,15.9378,23.7521,23.7081,
25,8,131072,2048,hyprefill,1536/1536/1536,graph,67,23.9605,15.9378,24.0064,23.9605,
25,8,131072,2048,hyprefill,1536/1536/1536,graph,68,23.9494,15.9378,23.9945,23.9494,
25,8,131072,2048,hyprefill,1536/1536/1536,graph,69,23.8130,15.6632,23.8587,23.8130,
25,8,131072,2048,hyprefill,1536/1536/1536,graph,70,24.2212,15.6632,24.2661,24.2212,
25,8,131072,2048,hyprefill,1536/1536/1536,graph,71,24.1205,15.9378,24.1668,24.1205,
25,8,131072,2048,hyprefill,1536/1536/1536,graph,72,23.5287,15.6632,23.5741,23.5287,
25,8,131072,2048,hyprefill,1536/1536/1536,graph,73,23.3701,15.3886,23.4167,23.3701,
25,8,131072,2048,hyprefill,1536/1536/1536,graph,74,23.7066,15.1140,23.7519,23.7066,
25,8,131072,2048,hyprefill,1536/1536/1536,graph,75,23.8895,15.9378,23.9377,23.8895,
25,8,131072,2048,hyprefill,1536/1536/1536,graph,76,23.5264,15.3886,23.5755,23.5264,
25,8,131072,2048,hyprefill,1536/1536/1536,graph,77,23.4869,15.6632,23.5407,23.4869,
25,8,131072,2048,hyprefill,1536/1536/1536,graph,78,23.8796,15.9378,23.9261,23.8796,
25,8,131072,2048,hyprefill,1536/1536/1536,graph,79,22.2476,16.4551,22.2919,22.2476,
25,8,131072,2048,hyprefill,1536/1536/1536,graph,80,21.9398,16.1805,21.9841,21.9398,
25,8,131072,2048,hyprefill,1536/1536/1536,graph,81,23.8097,16.2124,23.8594,23.8097,
25,8,131072,2048,hyprefill,1536/1536/1536,graph,82,23.5063,15.3886,23.5514,23.5063,
25,8,131072,2048,hyprefill,1536/1536/1536,graph,83,23.7159,15.9378,23.7614,23.7159,
25,8,131072,2048,hyprefill,1536/1536/1536,graph,84,23.3242,15.3886,23.3709,23.3242,
25,8,131072,2048,hyprefill,1536/1536/1536,graph,85,23.4687,15.6632,23.5227,23.4687,
25,8,131072,2048,hyprefill,1536/1536/1536,graph,86,23.7822,15.9378,23.8273,23.7822,
25,8,131072,2048,hyprefill,1536/1536/1536,graph,87,21.7721,15.9059,21.8176,21.7721,
25,8,131072,2048,hyprefill,1536/1536/1536,graph,88,23.4033,16.2124,23.4496,23.4033,
25,8,131072,2048,hyprefill,1536/1536/1536,graph,89,23.8733,15.3886,23.9174,23.8733,
25,8,131072,2048,hyprefill,1536/1536/1536,graph,90,23.7304,15.9378,23.7769,23.7304,
25,8,131072,2048,hyprefill,1536/1536/1536,graph,91,22.4216,16.1805,22.4651,22.4216,
25,8,131072,2048,hyprefill,1536/1536/1536,graph,92,23.5701,16.2124,23.6173,23.5701,
25,8,131072,2048,hyprefill,1536/1536/1536,graph,93,23.7390,15.3886,23.7841,23.7390,
25,8,131072,2048,hyprefill,1536/1536/1536,graph,94,23.4673,15.6632,23.5127,23.4673,
25,8,131072,2048,hyprefill,1536/1536/1536,graph,95,22.6690,16.1805,22.7131,22.6690,
25,8,131072,2048,hyprefill,1536/1536/1536,graph,96,23.7315,15.9378,23.7771,23.7315,
25,8,131072,2048,hyprefill,1536/1536/1536,graph,97,24.0801,15.3886,24.1264,24.0801,
25,8,131072,2048,hyprefill,1536/1536/1536,graph,98,23.7741,15.9378,23.8209,23.7741,
25,8,131072,2048,hyprefill,1536/1536/1536,graph,99,24.1571,15.6632,24.2029,24.1571,
25,8,131072,2048,hyprefill,1536/1536/1536,graph,100,23.5815,16.2124,23.6295,23.5815,
25,8,131072,2048,hyprefill,1536/1536/1536,graph,101,23.6240,15.1140,23.6703,23.6240,
25,8,131072,2048,hyprefill,1536/1536/1536,graph,102,23.3645,15.9378,23.4130,23.3645,
25,8,131072,2048,hyprefill,1536/1536/1536,graph,103,22.2761,15.6314,22.3200,22.2761,
25,8,131072,2048,hyprefill,1536/1536/1536,graph,104,23.5744,16.2124,23.6212,23.5744,
25,8,131072,2048,hyprefill,1536/1536/1536,graph,105,22.2393,16.1805,22.2847,22.2393,
25,8,131072,2048,hyprefill,1536/1536/1536,graph,106,23.2930,15.9378,23.3398,23.2930,
25,8,131072,2048,hyprefill,1536/1536/1536,graph,107,22.5292,15.9059,22.5702,22.5292,
25,8,131072,2048,hyprefill,1536/1536/1536,graph,108,24.1434,16.4869,24.1902,24.1434,
25,8,131072,2048,hyprefill,1536/1536/1536,graph,109,23.6267,15.1140,23.6721,23.6267,
25,8,131072,2048,hyprefill,1536/1536/1536,graph,110,23.7765,15.9378,23.8297,23.7765,
25,8,131072,2048,hyprefill,1536/1536/1536,graph,111,23.3342,15.3886,23.3815,23.3342,
25,8,131072,2048,hyprefill,1536/1536/1536,graph,112,23.6126,15.9378,23.6607,23.6126,
25,8,131072,2048,hyprefill,1536/1536/1536,graph,113,22.3710,15.9059,22.4143,22.3710,
25,8,131072,2048,hyprefill,1536/1536/1536,graph,114,23.4798,15.6632,23.5264,23.4798,
25,8,131072,2048,hyprefill,1536/1536/1536,graph,115,21.9212,16.7297,21.9673,21.9212,
25,8,131072,2048,hyprefill,1536/1536/1536,graph,116,23.5215,15.9378,23.5677,23.5215,
25,8,131072,2048,hyprefill,1536/1536/1536,graph,117,23.1164,15.3886,23.1636,23.1164,
25,8,131072,2048,hyprefill,1536/1536/1536,graph,118,24.1840,15.1140,25.1717,24.1840,
25,8,131072,2048,hyprefill,1536/1536/1536,graph,119,23.7664,16.2124,23.8169,23.7664,
25,8,131072,2048,hyprefill,1536/1536/1536,graph,120,22.3020,15.9059,22.3462,22.3020,
25,8,131072,2048,hyprefill,1536/1536/1536,graph,121,23.3806,16.2124,23.4274,23.3806,
25,8,131072,2048,hyprefill,1536/1536/1536,graph,122,23.0800,16.1805,23.1236,23.0800,
25,8,131072,2048,hyprefill,1536/1536/1536,graph,123,23.2534,16.2124,23.3005,23.2534,
25,8,131072,2048,hyprefill,1536/1536/1536,graph,124,22.5942,15.6314,22.6376,22.5942,
25,8,131072,2048,hyprefill,1536/1536/1536,graph,125,23.0058,15.9378,23.0529,23.0058,
25,8,131072,2048,hyprefill,1536/1536/1536,graph,126,23.1705,15.3886,23.3012,23.1705,
25,8,131072,2048,hyprefill,1536/1536/1536,graph,127,23.7484,15.9378,23.7938,23.7484,
25,8,131072,2048,hyprefill,1536/1536/1536,graph,128,21.8572,15.9059,21.9033,21.8572,
25,8,131072,2048,hyprefill,1536/1536/1536,graph,129,23.9719,15.9378,24.0216,23.9719,
25,8,131072,2048,hyprefill,1536/1536/1536,graph,130,23.7926,15.3886,23.8386,23.7926,
25,8,131072,2048,hyprefill,1536/1536/1536,graph,131,23.6256,15.6632,23.6727,23.6256,
25,8,131072,2048,hyprefill,1536/1536/1536,graph,132,22.2312,16.1805,22.2764,22.2312,
25,8,131072,2048,hyprefill,1536/1536/1536,graph,133,23.3791,15.9378,23.4267,23.3791,
25,8,131072,2048,hyprefill,1536/1536/1536,graph,134,23.7324,15.1140,23.7796,23.7324,
25,8,131072,2048,hyprefill,1536/1536/1536,graph,135,23.9213,16.2124,23.9683,23.9213,
25,8,131072,2048,hyprefill,1536/1536/1536,graph,136,22.0994,15.9059,22.1545,22.0994,
25,8,131072,2048,hyprefill,1536/1536/1536,graph,137,23.6851,15.9378,23.7387,23.6851,
25,8,131072,2048,hyprefill,1536/1536/1536,graph,138,23.4399,15.3886,23.4928,23.4399,
25,8,131072,2048,hyprefill,1536/1536/1536,graph,139,23.3232,15.3886,23.3719,23.3232,
25,8,131072,2048,hyprefill,1536/1536/1536,graph,140,23.6832,15.6632,23.7289,23.6832,
25,8,131072,2048,hyprefill,1536/1536/1536,graph,141,23.8483,15.6632,23.8944,23.8483,
25,8,131072,2048,hyprefill,1536/1536/1536,graph,142,23.5762,15.6632,23.6211,23.5762,
25,8,131072,2048,hyprefill,1536/1536/1536,graph,143,21.7172,16.1805,21.7630,21.7172,
25,8,131072,2048,hyprefill,1536/1536/1536,graph,144,23.5827,16.2124,23.6329,23.5827,
25,8,131072,2048,hyprefill,1536/1536/1536,graph,145,22.7439,15.9059,22.7958,22.7439,
25,8,131072,2048,hyprefill,1536/1536/1536,graph,146,23.7390,16.4869,23.7964,23.7390,
25,8,131072,2048,hyprefill,1536/1536/1536,graph,147,23.8847,15.6632,23.9327,23.8847,
25,8,131072,2048,hyprefill,1536/1536/1536,graph,148,23.4365,15.6632,23.4836,23.4365,
25,8,131072,2048,hyprefill,1536/1536/1536,graph,149,24.2326,15.6632,24.2785,24.2326,
25,8,131072,2048,hyprefill,1536/1536/1536,graph,150,23.7313,15.9378,23.7786,23.7313,
25,8,131072,2048,hyprefill,1536/1536/1536,graph,151,23.5109,15.9378,23.5571,23.5109,
25,8,131072,2048,hyprefill,1536/1536/1536,graph,152,23.6182,15.6632,23.6647,23.6182,
25,8,131072,2048,hyprefill,1536/1536/1536,graph,153,24.1637,15.6632,24.2137,24.1637,
25,8,131072,2048,hyprefill,1536/1536/1536,graph,154,24.0150,15.6632,24.0607,24.0150,
25,8,131072,2048,hyprefill,1536/1536/1536,graph,155,23.8412,15.6632,23.8871,23.8412,
25,8,131072,2048,hyprefill,1536/1536/1536,graph,156,23.3620,15.9378,23.4079,23.3620,
25,8,131072,2048,hyprefill,1536/1536/1536,graph,157,24.2029,15.6632,24.2479,24.2029,
25,8,131072,2048,hyprefill,1536/1536/1536,graph,158,24.0695,15.9378,24.1150,24.0695,
25,8,131072,2048,hyprefill,1536/1536/1536,graph,159,23.5278,15.3886,23.5753,23.5278,
25,8,131072,2048,hyprefill,1536/1536/1536,graph,160,23.5268,15.6632,23.5761,23.5268,
25,8,131072,2048,hyprefill,1536/1536/1536,graph,161,23.3522,15.6632,23.3996,23.3522,
25,8,131072,2048,hyprefill,1536/1536/1536,graph,162,23.4054,15.6632,23.4564,23.4054,
25,8,131072,2048,hyprefill,1536/1536/1536,graph,163,23.7381,15.6632,23.7846,23.7381,
25,8,131072,2048,hyprefill,1536/1536/1536,graph,164,23.9730,15.9378,24.0257,23.9730,
25,8,131072,2048,hyprefill,1536/1536/1536,graph,165,23.7223,15.6632,23.7680,23.7223,
25,8,131072,2048,hyprefill,1536/1536/1536,graph,166,24.2478,15.6632,24.2941,24.2478,
25,8,131072,2048,hyprefill,1536/1536/1536,graph,167,23.7402,15.6632,23.7878,23.7402,
25,8,131072,2048,hyprefill,1536/1536/1536,graph,168,24.1029,15.3886,24.1489,24.1029,
25,8,131072,2048,hyprefill,1536/1536/1536,graph,169,23.6520,15.9378,23.6979,23.6520,
25,8,131072,2048,hyprefill,1536/1536/1536,graph,170,23.7319,15.3886,23.7758,23.7319,
25,8,131072,2048,hyprefill,1536/1536/1536,graph,171,23.4167,15.6632,23.4615,23.4167,
25,8,131072,2048,hyprefill,1536/1536/1536,graph,172,23.8789,15.6632,23.9198,23.8789,
25,8,131072,2048,hyprefill,1536/1536/1536,graph,173,22.1860,16.4551,22.2317,22.1860,
25,8,131072,2048,hyprefill,1536/1536/1536,graph,174,22.5088,16.4551,22.5640,22.5088,
25,8,131072,2048,hyprefill,1536/1536/1536,graph,175,23.3597,15.9378,23.4074,23.3597,
25,8,131072,2048,hyprefill,1536/1536/1536,graph,176,23.6373,15.3886,23.6854,23.6373,
25,8,131072,2048,hyprefill,1536/1536/1536,graph,177,23.7804,15.9378,23.8253,23.7804,
25,8,131072,2048,hyprefill,1536/1536/1536,graph,178,23.2842,14.8394,23.3301,23.2842,
25,8,131072,2048,hyprefill,1536/1536/1536,graph,179,23.3238,16.4869,23.3721,23.3238,
25,8,131072,2048,hyprefill,1536/1536/1536,graph,180,22.1412,15.6314,22.1852,22.1412,
25,8,131072,2048,hyprefill,1536/1536/1536,graph,181,23.1270,16.2124,23.1743,23.1270,
25,8,131072,2048,hyprefill,1536/1536/1536,graph,182,22.2084,15.9059,22.2526,22.2084,
25,8,131072,2048,hyprefill,1536/1536/1536,graph,183,23.6908,16.4869,23.7354,23.6908,
25,8,131072,2048,hyprefill,1536/1536/1536,graph,184,23.5605,15.1140,23.6059,23.5605,
25,8,131072,2048,hyprefill,1536/1536/1536,graph,185,23.0367,15.9378,23.0818,23.0367,
25,8,131072,2048,hyprefill,1536/1536/1536,graph,186,23.8564,15.3886,23.9019,23.8564,
25,8,131072,2048,hyprefill,1536/1536/1536,graph,187,23.3345,15.9378,23.3841,23.3345,
25,8,131072,2048,hyprefill,1536/1536/1536,graph,188,22.3870,16.1805,22.4349,22.3870,
25,8,131072,2048,hyprefill,1536/1536/1536,graph,189,23.8727,15.6632,23.9189,23.8727,
25,8,131072,2048,hyprefill,1536/1536/1536,graph,190,22.1341,16.7297,22.1831,22.1341,
25,8,131072,2048,hyprefill,1536/1536/1536,graph,191,23.5037,15.6632,23.5499,23.5037,
25,8,131072,2048,hyprefill,1536/1536/1536,graph,192,23.7109,15.1140,23.7562,23.7109,
25,8,131072,2048,hyprefill,1536/1536/1536,graph,193,23.5938,15.6632,23.6393,23.5938,
25,8,131072,2048,hyprefill,1536/1536/1536,graph,194,23.8696,15.1140,23.9132,23.8696,
25,8,131072,2048,hyprefill,1536/1536/1536,graph,195,23.9932,16.7615,24.0425,23.9932,
25,8,131072,2048,hyprefill,1536/1536/1536,graph,196,22.6175,15.6314,22.6648,22.6175,
25,8,131072,2048,hyprefill,1536/1536/1536,graph,197,23.4984,16.2124,23.5486,23.4984,
25,8,131072,2048,hyprefill,1536/1536/1536,graph,198,22.4468,16.1805,22.4929,22.4468,
25,8,131072,2048,hyprefill,1536/1536/1536,graph,199,23.6440,15.9378,23.6899,23.6440,
25,8,131072,2048,hyprefill,512/512/512,graph,0,23.7785,19.6666,23.8287,23.7785,
25,8,131072,2048,hyprefill,512/512/512,graph,1,24.0789,18.2300,24.1254,24.0789,
25,8,131072,2048,hyprefill,512/512/512,graph,2,23.2160,20.4585,23.2635,23.2160,
25,8,131072,2048,hyprefill,512/512/512,graph,3,24.0505,17.9554,24.0935,24.0505,
25,8,131072,2048,hyprefill,512/512/512,graph,4,23.6200,20.2157,23.6673,23.6200,
25,8,131072,2048,hyprefill,512/512/512,graph,5,23.8662,17.9872,23.9108,23.8662,
25,8,131072,2048,hyprefill,512/512/512,graph,6,23.9274,19.3920,23.9732,23.9274,
25,8,131072,2048,hyprefill,512/512/512,graph,7,23.0307,18.7473,23.0751,23.0307,
25,8,131072,2048,hyprefill,512/512/512,graph,8,23.4991,20.1839,23.5444,23.4991,
25,8,131072,2048,hyprefill,512/512/512,graph,9,23.4392,19.0219,23.4827,23.4392,
25,8,131072,2048,hyprefill,512/512/512,graph,10,23.9069,19.9093,23.9511,23.9069,
25,8,131072,2048,hyprefill,512/512/512,graph,11,23.5249,18.5046,23.5725,23.5249,
25,8,131072,2048,hyprefill,512/512/512,graph,12,23.7547,19.9412,23.8027,23.7547,
25,8,131072,2048,hyprefill,512/512/512,graph,13,23.7447,17.4380,23.7928,23.7447,
25,8,131072,2048,hyprefill,512/512/512,graph,14,24.1176,19.3920,24.1634,24.1176,
25,8,131072,2048,hyprefill,512/512/512,graph,15,23.9708,18.7791,24.0150,23.9708,
25,8,131072,2048,hyprefill,512/512/512,graph,16,23.5686,19.9093,23.6134,23.5686,
25,8,131072,2048,hyprefill,512/512/512,graph,17,23.3468,19.0219,23.3911,23.3468,
25,8,131072,2048,hyprefill,512/512/512,graph,18,23.5213,19.9093,23.5655,23.5213,
25,8,131072,2048,hyprefill,512/512/512,graph,19,23.5759,18.7791,23.6216,23.5759,
25,8,131072,2048,hyprefill,512/512/512,graph,20,23.8860,19.6666,23.9299,23.8860,
25,8,131072,2048,hyprefill,512/512/512,graph,21,23.9908,17.7126,24.0354,23.9908,
25,8,131072,2048,hyprefill,512/512/512,graph,22,23.7749,19.3920,23.8204,23.7749,
25,8,131072,2048,hyprefill,512/512/512,graph,23,23.4616,18.7791,23.5063,23.4616,
25,8,131072,2048,hyprefill,512/512/512,graph,24,23.2277,19.8775,23.2758,23.2277,
25,8,131072,2048,hyprefill,512/512/512,graph,25,22.7310,19.2965,22.7760,22.7310,
25,8,131072,2048,hyprefill,512/512/512,graph,26,23.9010,19.6347,23.9524,23.9010,
25,8,131072,2048,hyprefill,512/512/512,graph,27,23.8629,19.0537,23.9150,23.8629,
25,8,131072,2048,hyprefill,512/512/512,graph,28,23.9975,19.1174,24.0444,23.9975,
25,8,131072,2048,hyprefill,512/512/512,graph,29,23.7331,18.2618,23.7799,23.7331,
25,8,131072,2048,hyprefill,512/512/512,graph,30,23.9069,18.5682,23.9541,23.9069,
25,8,131072,2048,hyprefill,512/512/512,graph,31,23.7818,19.0856,23.8267,23.7818,
25,8,131072,2048,hyprefill,512/512/512,graph,32,22.6139,19.8457,22.6576,22.6139,
25,8,131072,2048,hyprefill,512/512/512,graph,33,23.1129,19.8457,23.1574,23.1129,
25,8,131072,2048,hyprefill,512/512/512,graph,34,24.0116,19.0856,24.0561,24.0116,
25,8,131072,2048,hyprefill,512/512/512,graph,35,23.9448,19.3601,23.9917,23.9448,
25,8,131072,2048,hyprefill,512/512/512,graph,36,23.9491,19.0856,23.9935,23.9491,
25,8,131072,2048,hyprefill,512/512/512,graph,37,23.7416,18.8110,23.7870,23.7416,
25,8,131072,2048,hyprefill,512/512/512,graph,38,24.0863,19.1174,24.1326,24.0863,
25,8,131072,2048,hyprefill,512/512/512,graph,39,23.6250,18.0190,23.6717,23.6250,
25,8,131072,2048,hyprefill,512/512/512,graph,40,22.7500,19.2965,22.7933,22.7500,
25,8,131072,2048,hyprefill,512/512/512,graph,41,21.9215,19.5711,21.9738,21.9215,
25,8,131072,2048,hyprefill,512/512/512,graph,42,23.5211,19.3283,23.5612,23.5211,
25,8,131072,2048,hyprefill,512/512/512,graph,43,24.0014,19.3601,24.0493,24.0014,
25,8,131072,2048,hyprefill,512/512/512,graph,44,23.6961,18.5364,23.7429,23.6961,
25,8,131072,2048,hyprefill,512/512/512,graph,45,23.8639,19.3601,23.9150,23.8639,
25,8,131072,2048,hyprefill,512/512/512,graph,46,23.9048,18.0190,23.9502,23.9048,
25,8,131072,2048,hyprefill,512/512/512,graph,47,23.8963,18.5682,23.9459,23.8963,
25,8,131072,2048,hyprefill,512/512/512,graph,48,22.2446,19.0219,22.2889,22.2446,
25,8,131072,2048,hyprefill,512/512/512,graph,49,22.0692,19.8457,22.1135,22.0692,
25,8,131072,2048,hyprefill,512/512/512,graph,50,23.5066,18.7791,23.5508,23.5066,
25,8,131072,2048,hyprefill,512/512/512,graph,51,23.5321,19.6347,23.5789,23.5321,
25,8,131072,2048,hyprefill,512/512/512,graph,52,23.7396,18.7791,23.7872,23.7396,
25,8,131072,2048,hyprefill,512/512/512,graph,53,23.6049,19.6347,23.6511,23.6049,
25,8,131072,2048,hyprefill,512/512/512,graph,54,24.0583,17.7444,24.1056,24.0583,
25,8,131072,2048,hyprefill,512/512/512,graph,55,23.5045,18.5682,23.5509,23.5045,
25,8,131072,2048,hyprefill,512/512/512,graph,56,22.7788,19.0219,22.8246,22.7788,
25,8,131072,2048,hyprefill,512/512/512,graph,57,23.0070,19.8775,23.0522,23.0070,
25,8,131072,2048,hyprefill,512/512/512,graph,58,22.8786,19.0219,22.9276,22.8786,
25,8,131072,2048,hyprefill,512/512/512,graph,59,23.8939,19.6347,23.9388,23.8939,
25,8,131072,2048,hyprefill,512/512/512,graph,60,23.6231,18.2618,23.6702,23.6231,
25,8,131072,2048,hyprefill,512/512/512,graph,61,23.9550,19.6347,24.0021,23.9550,
25,8,131072,2048,hyprefill,512/512/512,graph,62,23.6985,18.2618,23.7465,23.6985,
25,8,131072,2048,hyprefill,512/512/512,graph,63,23.8176,18.8746,23.8649,23.8176,
25,8,131072,2048,hyprefill,512/512/512,graph,64,22.6198,18.7155,22.6634,22.6198,
25,8,131072,2048,hyprefill,512/512/512,graph,65,23.6343,20.4585,23.6815,23.6343,
25,8,131072,2048,hyprefill,512/512/512,graph,66,23.4727,18.4727,23.5160,23.4727,
25,8,131072,2048,hyprefill,512/512/512,graph,67,23.8014,20.4903,23.8479,23.8014,
25,8,131072,2048,hyprefill,512/512/512,graph,68,24.1185,17.9554,24.1640,24.1185,
25,8,131072,2048,hyprefill,512/512/512,graph,69,23.1981,20.4585,23.2428,23.1981,
25,8,131072,2048,hyprefill,512/512/512,graph,70,24.0533,17.4380,24.0974,24.0533,
25,8,131072,2048,hyprefill,512/512/512,graph,71,23.4853,19.1492,23.5325,23.4853,
25,8,131072,2048,hyprefill,512/512/512,graph,72,22.8377,18.7155,22.8889,22.8377,
25,8,131072,2048,hyprefill,512/512/512,graph,73,23.5371,19.6666,23.5865,23.5371,
25,8,131072,2048,hyprefill,512/512/512,graph,74,23.2643,18.4727,23.3106,23.2643,
25,8,131072,2048,hyprefill,512/512/512,graph,75,23.5760,20.4585,23.6224,23.5760,
25,8,131072,2048,hyprefill,512/512/512,graph,76,23.8837,17.7126,23.9328,23.8837,
25,8,131072,2048,hyprefill,512/512/512,graph,77,23.2400,20.4267,23.2855,23.2400,
25,8,131072,2048,hyprefill,512/512/512,graph,78,24.1280,17.9872,24.1734,24.1280,
25,8,131072,2048,hyprefill,512/512/512,graph,79,23.9260,18.8428,23.9742,23.9260,
25,8,131072,2048,hyprefill,512/512/512,graph,80,22.8765,19.0219,22.9246,22.8765,
25,8,131072,2048,hyprefill,512/512/512,graph,81,23.7060,19.3920,23.7510,23.7060,
25,8,131072,2048,hyprefill,512/512/512,graph,82,23.6883,18.5046,23.7330,23.6883,
25,8,131072,2048,hyprefill,512/512/512,graph,83,23.6473,19.9093,23.6909,23.6473,
25,8,131072,2048,hyprefill,512/512/512,graph,84,23.9419,19.0537,23.9857,23.9419,
25,8,131072,2048,hyprefill,512/512/512,graph,85,23.3597,20.4267,23.4045,23.3597,
25,8,131072,2048,hyprefill,512/512/512,graph,86,23.8225,18.8110,23.8666,23.8225,
25,8,131072,2048,hyprefill,512/512/512,graph,87,23.9914,19.1174,24.0362,23.9914,
25,8,131072,2048,hyprefill,512/512/512,graph,88,23.0669,18.7473,23.1113,23.0669,
25,8,131072,2048,hyprefill,512/512/512,graph,89,23.6176,18.8428,23.6637,23.6176,
25,8,131072,2048,hyprefill,512/512/512,graph,90,23.7801,18.5046,23.8235,23.7801,
25,8,131072,2048,hyprefill,512/512/512,graph,91,24.0997,19.9412,24.1446,24.0997,
25,8,131072,2048,hyprefill,512/512/512,graph,92,23.7422,17.7126,23.7867,23.7422,
25,8,131072,2048,hyprefill,512/512/512,graph,93,22.6845,20.1521,22.7323,22.6845,
25,8,131072,2048,hyprefill,512/512/512,graph,94,24.0427,18.5046,24.0917,24.0427,
25,8,131072,2048,hyprefill,512/512/512,graph,95,23.6577,20.4585,23.7033,23.6577,
25,8,131072,2048,hyprefill,512/512/512,graph,96,23.7820,18.7473,23.8274,23.7820,
25,8,131072,2048,hyprefill,512/512/512,graph,97,23.4539,19.3920,23.5001,23.4539,
25,8,131072,2048,hyprefill,512/512/512,graph,98,24.0923,18.7791,24.1378,24.0923,
25,8,131072,2048,hyprefill,512/512/512,graph,99,23.7158,19.6666,23.7653,23.7158,
25,8,131072,2048,hyprefill,512/512/512,graph,100,24.2534,18.2618,24.3027,24.2534,
25,8,131072,2048,hyprefill,512/512/512,graph,101,23.7667,19.9093,23.8258,23.7667,
25,8,131072,2048,hyprefill,512/512/512,graph,102,23.8653,17.9872,23.9132,23.8653,
25,8,131072,2048,hyprefill,512/512/512,graph,103,23.7663,20.4585,23.8130,23.7663,
25,8,131072,2048,hyprefill,512/512/512,graph,104,23.3040,19.0219,23.3512,23.3040,
25,8,131072,2048,hyprefill,512/512/512,graph,105,23.6972,19.1174,23.7493,23.6972,
25,8,131072,2048,hyprefill,512/512/512,graph,106,23.0408,19.0219,23.0892,23.0408,
25,8,131072,2048,hyprefill,512/512/512,graph,107,23.8673,19.3920,23.9117,23.8673,
25,8,131072,2048,hyprefill,512/512/512,graph,108,24.1688,18.2618,24.2158,24.1688,
25,8,131072,2048,hyprefill,512/512/512,graph,109,23.6976,19.1174,23.7424,23.6976,
25,8,131072,2048,hyprefill,512/512/512,graph,110,23.5655,18.2300,23.6151,23.5655,
25,8,131072,2048,hyprefill,512/512/512,graph,111,22.9801,20.4267,23.0250,22.9801,
25,8,131072,2048,hyprefill,512/512/512,graph,112,23.4744,18.7473,23.5175,23.4744,
25,8,131072,2048,hyprefill,512/512/512,graph,113,23.3461,19.3920,23.3923,23.3461,
25,8,131072,2048,hyprefill,512/512/512,graph,114,23.9891,18.2300,24.0318,23.9891,
25,8,131072,2048,hyprefill,512/512/512,graph,115,24.1467,19.6666,24.1972,24.1467,
25,8,131072,2048,hyprefill,512/512/512,graph,116,23.8666,18.7791,23.9114,23.8666,
25,8,131072,2048,hyprefill,512/512/512,graph,117,23.9683,19.3920,24.0124,23.9683,
25,8,131072,2048,hyprefill,512/512/512,graph,118,23.4774,18.5046,23.5215,23.4774,
25,8,131072,2048,hyprefill,512/512/512,graph,119,22.9629,20.1521,23.0069,22.9629,
25,8,131072,2048,hyprefill,512/512/512,graph,120,23.5965,18.5046,23.6406,23.5965,
25,8,131072,2048,hyprefill,512/512/512,graph,121,23.8429,19.6666,23.8878,23.8429,
25,8,131072,2048,hyprefill,512/512/512,graph,122,24.0630,18.5046,24.1082,24.0630,
25,8,131072,2048,hyprefill,512/512/512,graph,123,23.9901,19.9412,24.0349,23.9901,
25,8,131072,2048,hyprefill,512/512/512,graph,124,23.8437,17.9554,23.8887,23.8437,
25,8,131072,2048,hyprefill,512/512/512,graph,125,23.7713,19.3920,23.8218,23.7713,
25,8,131072,2048,hyprefill,512/512/512,graph,126,23.7399,18.5046,23.7844,23.7399,
25,8,131072,2048,hyprefill,512/512/512,graph,127,23.1292,20.4267,23.1739,23.1292,
25,8,131072,2048,hyprefill,512/512/512,graph,128,24.1708,18.7791,24.2239,24.1708,
25,8,131072,2048,hyprefill,512/512/512,graph,129,24.1116,19.6666,24.1566,24.1116,
25,8,131072,2048,hyprefill,512/512/512,graph,130,23.2359,18.7473,23.2816,23.2359,
25,8,131072,2048,hyprefill,512/512/512,graph,131,23.8142,19.3920,23.8606,23.8142,
25,8,131072,2048,hyprefill,512/512/512,graph,132,23.8065,18.5046,23.8520,23.8065,
25,8,131072,2048,hyprefill,512/512/512,graph,133,23.9949,18.8428,24.0403,23.9949,
25,8,131072,2048,hyprefill,512/512/512,graph,134,23.6353,18.5364,23.6798,23.6353,
25,8,131072,2048,hyprefill,512/512/512,graph,135,23.6084,20.1521,23.6526,23.6084,
25,8,131072,2048,hyprefill,512/512/512,graph,136,24.0942,18.5364,24.1382,24.0942,
25,8,131072,2048,hyprefill,512/512/512,graph,137,23.8378,19.1174,23.8822,23.8378,
25,8,131072,2048,hyprefill,512/512/512,graph,138,22.9901,19.0219,23.0333,22.9901,
25,8,131072,2048,hyprefill,512/512/512,graph,139,23.8618,19.9093,23.9054,23.8618,
25,8,131072,2048,hyprefill,512/512/512,graph,140,24.0063,18.7791,24.0501,24.0063,
25,8,131072,2048,hyprefill,512/512/512,graph,141,23.6368,18.8428,23.6854,23.6368,
25,8,131072,2048,hyprefill,512/512/512,graph,142,24.1479,18.8110,24.1925,24.1479,
25,8,131072,2048,hyprefill,512/512/512,graph,143,22.9703,19.8457,23.0145,22.9703,
25,8,131072,2048,hyprefill,512/512/512,graph,144,23.9329,18.8110,23.9782,23.9329,
25,8,131072,2048,hyprefill,512/512/512,graph,145,23.8271,18.8428,23.8761,23.8271,
25,8,131072,2048,hyprefill,512/512/512,graph,146,22.5013,18.7473,22.5480,22.5013,
25,8,131072,2048,hyprefill,512/512/512,graph,147,23.5076,19.6347,23.5516,23.5076,
25,8,131072,2048,hyprefill,512/512/512,graph,148,23.6370,18.2618,23.6806,23.6370,
25,8,131072,2048,hyprefill,512/512/512,graph,149,24.0366,19.3920,24.0833,24.0366,
25,8,131072,2048,hyprefill,512/512/512,graph,150,23.0941,18.5046,23.1394,23.0941,
25,8,131072,2048,hyprefill,512/512/512,graph,151,22.8504,19.8775,22.8947,22.8504,
25,8,131072,2048,hyprefill,512/512/512,graph,152,23.4572,18.7791,23.5002,23.4572,
25,8,131072,2048,hyprefill,512/512/512,graph,153,23.6653,18.8428,23.7110,23.6653,
25,8,131072,2048,hyprefill,512/512/512,graph,154,22.8656,19.0219,22.9122,22.8656,
25,8,131072,2048,hyprefill,512/512/512,graph,155,23.6164,19.6347,23.6648,23.6164,
25,8,131072,2048,hyprefill,512/512/512,graph,156,23.7254,18.7791,23.7734,23.7254,
25,8,131072,2048,hyprefill,512/512/512,graph,157,23.6396,19.1174,23.6865,23.6396,
25,8,131072,2048,hyprefill,512/512/512,graph,158,23.7492,18.2618,23.7940,23.7492,
25,8,131072,2048,hyprefill,512/512/512,graph,159,23.0465,19.3283,23.0916,23.0465,
25,8,131072,2048,hyprefill,512/512/512,graph,160,23.6107,19.0856,23.6565,23.6107,
25,8,131072,2048,hyprefill,512/512/512,graph,161,23.8746,19.0856,23.9208,23.8746,
25,8,131072,2048,hyprefill,512/512/512,graph,162,22.5425,19.5711,22.5911,22.5425,
25,8,131072,2048,hyprefill,512/512/512,graph,163,23.2944,19.3283,23.3417,23.2944,
25,8,131072,2048,hyprefill,512/512/512,graph,164,23.5422,19.3601,23.5896,23.5422,
25,8,131072,2048,hyprefill,512/512/512,graph,165,23.9492,19.0856,23.9935,23.9492,
25,8,131072,2048,hyprefill,512/512/512,graph,166,23.8283,18.2936,23.8870,23.8283,
25,8,131072,2048,hyprefill,512/512/512,graph,167,23.4077,19.3283,23.4517,23.4077,
25,8,131072,2048,hyprefill,512/512/512,graph,168,23.9198,18.8110,23.9653,23.9198,
25,8,131072,2048,hyprefill,512/512/512,graph,169,23.7302,19.3601,23.7743,23.7302,
25,8,131072,2048,hyprefill,512/512/512,graph,170,22.7505,19.2965,22.7970,22.7505,
25,8,131072,2048,hyprefill,512/512/512,graph,171,23.1997,19.8775,23.2457,23.1997,
25,8,131072,2048,hyprefill,512/512/512,graph,172,24.0298,18.5364,24.0755,24.0298,
25,8,131072,2048,hyprefill,512/512/512,graph,173,23.9037,19.0856,23.9494,23.9037,
25,8,131072,2048,hyprefill,512/512/512,graph,174,23.7754,18.5682,23.8230,23.7754,
25,8,131072,2048,hyprefill,512/512/512,graph,175,23.6698,19.0537,23.7125,23.6698,
25,8,131072,2048,hyprefill,512/512/512,graph,176,23.5887,19.0856,23.6347,23.5887,
25,8,131072,2048,hyprefill,512/512/512,graph,177,24.0366,18.5682,24.0816,24.0366,
25,8,131072,2048,hyprefill,512/512/512,graph,178,21.8739,19.5393,21.9223,21.8739,
25,8,131072,2048,hyprefill,512/512/512,graph,179,23.4818,19.6029,23.5295,23.4818,
25,8,131072,2048,hyprefill,512/512/512,graph,180,23.8692,18.8428,23.9178,23.8692,
25,8,131072,2048,hyprefill,512/512/512,graph,181,23.7632,18.7791,23.8089,23.7632,
25,8,131072,2048,hyprefill,512/512/512,graph,182,23.6903,19.0856,23.7356,23.6903,
25,8,131072,2048,hyprefill,512/512/512,graph,183,23.6814,18.8110,23.7260,23.6814,
25,8,131072,2048,hyprefill,512/512/512,graph,184,24.1100,18.5682,24.1564,24.1100,
25,8,131072,2048,hyprefill,512/512/512,graph,185,23.7173,18.2936,23.7701,23.7173,
25,8,131072,2048,hyprefill,512/512/512,graph,186,22.2318,19.8138,22.2778,22.2318,
25,8,131072,2048,hyprefill,512/512/512,graph,187,22.3307,19.8457,22.3774,22.3307,
25,8,131072,2048,hyprefill,512/512/512,graph,188,23.8215,18.2936,23.8659,23.8215,
25,8,131072,2048,hyprefill,512/512/512,graph,189,22.9502,19.5711,22.9947,22.9502,
25,8,131072,2048,hyprefill,512/512/512,graph,190,23.6135,19.0856,23.6604,23.6135,
25,8,131072,2048,hyprefill,512/512/512,graph,191,23.7555,18.5682,23.8003,23.7555,
25,8,131072,2048,hyprefill,512/512/512,graph,192,23.8552,18.2618,23.8976,23.8552,
25,8,131072,2048,hyprefill,512/512/512,graph,193,24.0665,18.2936,24.1121,24.0665,
25,8,131072,2048,hyprefill,512/512/512,graph,194,21.2573,19.5393,21.3020,21.2573,
25,8,131072,2048,hyprefill,512/512/512,graph,195,22.9892,19.3283,23.0325,22.9892,
25,8,131072,2048,hyprefill,512/512/512,graph,196,23.8550,18.8428,23.9036,23.8550,
25,8,131072,2048,hyprefill,512/512/512,graph,197,22.2252,19.5393,22.2679,22.2252,
25,8,131072,2048,hyprefill,512/512/512,graph,198,23.6723,18.8110,23.7173,23.6723,
25,8,131072,2048,hyprefill,512/512/512,graph,199,23.7658,18.2936,23.8088,23.7658,
25,8,131072,2048,hyprefill,768/768/768,graph,0,23.4770,17.6171,23.5236,23.4770,
25,8,131072,2048,hyprefill,768/768/768,graph,1,23.1434,16.7934,23.1868,23.1434,
25,8,131072,2048,hyprefill,768/768/768,graph,2,23.5288,17.6171,23.5714,23.5288,
25,8,131072,2048,hyprefill,768/768/768,graph,3,23.2640,17.0679,23.3089,23.2640,
25,8,131072,2048,hyprefill,768/768/768,graph,4,23.8247,16.8252,23.8704,23.8247,
25,8,131072,2048,hyprefill,768/768/768,graph,5,23.7493,15.9696,23.7932,23.7493,
25,8,131072,2048,hyprefill,768/768/768,graph,6,23.2541,18.1663,23.2989,23.2541,
25,8,131072,2048,hyprefill,768/768/768,graph,7,22.7265,17.3107,22.7714,22.7265,
25,8,131072,2048,hyprefill,768/768/768,graph,8,23.8123,18.1663,23.8559,23.8123,
25,8,131072,2048,hyprefill,768/768/768,graph,9,23.6349,16.7934,23.6792,23.6349,
25,8,131072,2048,hyprefill,768/768/768,graph,10,23.4926,17.6171,23.5402,23.4926,
25,8,131072,2048,hyprefill,768/768/768,graph,11,23.7266,17.0679,23.7733,23.7266,
25,8,131072,2048,hyprefill,768/768/768,graph,12,23.6244,16.8252,23.6717,23.6244,
25,8,131072,2048,hyprefill,768/768/768,graph,13,23.7876,16.5188,23.8332,23.7876,
25,8,131072,2048,hyprefill,768/768/768,graph,14,22.9357,17.8917,22.9802,22.9357,
25,8,131072,2048,hyprefill,768/768/768,graph,15,23.5464,16.5188,23.5921,23.5464,
25,8,131072,2048,hyprefill,768/768/768,graph,16,22.8836,17.6171,22.9292,22.8836,
25,8,131072,2048,hyprefill,768/768/768,graph,17,23.6131,17.0679,23.6605,23.6131,
25,8,131072,2048,hyprefill,768/768/768,graph,18,23.5822,17.6171,23.6295,23.5822,
25,8,131072,2048,hyprefill,768/768/768,graph,19,23.7612,17.3425,23.8069,23.7612,
25,8,131072,2048,hyprefill,768/768/768,graph,20,23.5098,16.2760,23.5584,23.5098,
25,8,131072,2048,hyprefill,768/768/768,graph,21,23.8031,16.7934,23.8462,23.8031,
25,8,131072,2048,hyprefill,768/768/768,graph,22,23.1921,17.8917,23.2367,23.1921,
25,8,131072,2048,hyprefill,768/768/768,graph,23,23.7838,16.7934,23.8341,23.7838,
25,8,131072,2048,hyprefill,768/768/768,graph,24,23.6833,17.8917,23.7277,23.6833,
25,8,131072,2048,hyprefill,768/768/768,graph,25,23.3993,16.7934,23.4425,23.3993,
25,8,131072,2048,hyprefill,768/768/768,graph,26,23.5087,17.6171,23.5529,23.5087,
25,8,131072,2048,hyprefill,768/768/768,graph,27,23.4800,17.3425,23.5238,23.4800,
25,8,131072,2048,hyprefill,768/768/768,graph,28,23.6404,16.7934,23.6849,23.6404,
25,8,131072,2048,hyprefill,768/768/768,graph,29,23.3158,17.6171,23.3610,23.3158,
25,8,131072,2048,hyprefill,768/768/768,graph,30,23.7054,17.3425,23.7494,23.7054,
25,8,131072,2048,hyprefill,768/768/768,graph,31,23.7874,17.3425,23.8406,23.7874,
25,8,131072,2048,hyprefill,768/768/768,graph,32,24.0101,17.6171,24.0552,24.0101,
25,8,131072,2048,hyprefill,768/768/768,graph,33,23.5658,17.0679,23.6107,23.5658,
25,8,131072,2048,hyprefill,768/768/768,graph,34,23.6547,17.0679,23.6992,23.6547,
25,8,131072,2048,hyprefill,768/768/768,graph,35,23.8046,17.6171,23.8489,23.8046,
25,8,131072,2048,hyprefill,768/768/768,graph,36,23.7115,17.3425,23.7553,23.7115,
25,8,131072,2048,hyprefill,768/768/768,graph,37,23.5772,17.0679,23.6211,23.5772,
25,8,131072,2048,hyprefill,768/768/768,graph,38,23.5951,17.6171,23.6401,23.5951,
25,8,131072,2048,hyprefill,768/768/768,graph,39,23.4599,17.0679,23.5049,23.4599,
25,8,131072,2048,hyprefill,768/768/768,graph,40,23.2377,17.3425,23.2824,23.2377,
25,8,131072,2048,hyprefill,768/768/768,graph,41,23.4709,17.3425,23.5164,23.4709,
25,8,131072,2048,hyprefill,768/768/768,graph,42,23.1519,16.7934,23.1933,23.1519,
25,8,131072,2048,hyprefill,768/768/768,graph,43,23.3680,17.6171,23.4132,23.3680,
25,8,131072,2048,hyprefill,768/768/768,graph,44,23.4209,16.7934,23.4683,23.4209,
25,8,131072,2048,hyprefill,768/768/768,graph,45,23.4937,17.3425,23.5406,23.4937,
25,8,131072,2048,hyprefill,768/768/768,graph,46,23.3660,17.3425,23.4196,23.3660,
25,8,131072,2048,hyprefill,768/768/768,graph,47,23.3695,17.0679,23.4170,23.3695,
25,8,131072,2048,hyprefill,768/768/768,graph,48,23.3640,17.3425,23.4106,23.3640,
25,8,131072,2048,hyprefill,768/768/768,graph,49,23.2173,17.0679,23.2688,23.2173,
25,8,131072,2048,hyprefill,768/768/768,graph,50,23.4241,16.7934,23.4686,23.4241,
25,8,131072,2048,hyprefill,768/768/768,graph,51,23.3784,17.6171,23.4224,23.3784,
25,8,131072,2048,hyprefill,768/768/768,graph,52,23.8611,17.3425,23.9091,23.8611,
25,8,131072,2048,hyprefill,768/768/768,graph,53,23.3111,17.0679,23.3563,23.3111,
25,8,131072,2048,hyprefill,768/768/768,graph,54,23.8899,17.6171,23.9354,23.8899,
25,8,131072,2048,hyprefill,768/768/768,graph,55,23.1156,17.0679,23.1607,23.1156,
25,8,131072,2048,hyprefill,768/768/768,graph,56,23.7432,17.0679,23.7887,23.7432,
25,8,131072,2048,hyprefill,768/768/768,graph,57,23.4919,17.6171,23.5375,23.4919,
25,8,131072,2048,hyprefill,768/768/768,graph,58,23.9182,17.0679,23.9678,23.9182,
25,8,131072,2048,hyprefill,768/768/768,graph,59,23.6136,17.3425,23.6586,23.6136,
25,8,131072,2048,hyprefill,768/768/768,graph,60,23.6401,17.3425,23.6839,23.6401,
25,8,131072,2048,hyprefill,768/768/768,graph,61,23.5571,17.3425,23.6021,23.5571,
25,8,131072,2048,hyprefill,768/768/768,graph,62,23.4790,17.0679,23.5243,23.4790,
25,8,131072,2048,hyprefill,768/768/768,graph,63,23.6865,17.3425,23.7322,23.6865,
25,8,131072,2048,hyprefill,768/768/768,graph,64,23.2911,17.3425,23.3361,23.2911,
25,8,131072,2048,hyprefill,768/768/768,graph,65,23.7893,17.6171,23.8319,23.7893,
25,8,131072,2048,hyprefill,768/768/768,graph,66,23.6826,17.3425,23.7274,23.6826,
25,8,131072,2048,hyprefill,768/768/768,graph,67,23.5511,17.3425,23.5951,23.5511,
25,8,131072,2048,hyprefill,768/768/768,graph,68,23.4007,17.3425,23.4471,23.4007,
25,8,131072,2048,hyprefill,768/768/768,graph,69,23.5522,17.0679,23.5972,23.5522,
25,8,131072,2048,hyprefill,768/768/768,graph,70,23.1782,17.0679,23.2581,23.1782,
25,8,131072,2048,hyprefill,768/768/768,graph,71,23.2311,16.7934,23.2762,23.2311,
25,8,131072,2048,hyprefill,768/768/768,graph,72,23.5477,16.2760,23.5946,23.5477,
25,8,131072,2048,hyprefill,768/768/768,graph,73,23.1465,16.5188,23.1922,23.1465,
25,8,131072,2048,hyprefill,768/768/768,graph,74,22.9588,17.0679,23.0069,22.9588,
25,8,131072,2048,hyprefill,768/768/768,graph,75,23.1850,16.7934,23.2311,23.1850,
25,8,131072,2048,hyprefill,768/768/768,graph,76,22.9747,17.0679,23.0193,22.9747,
25,8,131072,2048,hyprefill,768/768/768,graph,77,23.2183,17.0679,23.2630,23.2183,
25,8,131072,2048,hyprefill,768/768/768,graph,78,23.4209,17.0679,23.4651,23.4209,
25,8,131072,2048,hyprefill,768/768/768,graph,79,23.2024,17.0679,23.2455,23.2024,
25,8,131072,2048,hyprefill,768/768/768,graph,80,23.3914,16.7934,23.4348,23.3914,
25,8,131072,2048,hyprefill,768/768/768,graph,81,22.9182,17.0679,22.9633,22.9182,
25,8,131072,2048,hyprefill,768/768/768,graph,82,23.6223,17.0679,23.6668,23.6223,
25,8,131072,2048,hyprefill,768/768/768,graph,83,23.4560,16.0014,23.5017,23.4560,
25,8,131072,2048,hyprefill,768/768/768,graph,84,23.6052,17.0679,23.6539,23.6052,
25,8,131072,2048,hyprefill,768/768/768,graph,85,23.2566,17.0679,23.3048,23.2566,
25,8,131072,2048,hyprefill,768/768/768,graph,86,23.4968,17.0679,23.5426,23.4968,
25,8,131072,2048,hyprefill,768/768/768,graph,87,23.2726,17.0679,23.3183,23.2726,
25,8,131072,2048,hyprefill,768/768/768,graph,88,23.8137,16.0014,23.8629,23.8137,
25,8,131072,2048,hyprefill,768/768/768,graph,89,23.5265,17.3425,23.5721,23.5265,
25,8,131072,2048,hyprefill,768/768/768,graph,90,23.5316,16.7934,23.5758,23.5316,
25,8,131072,2048,hyprefill,768/768/768,graph,91,24.0169,16.2760,24.0622,24.0169,
25,8,131072,2048,hyprefill,768/768/768,graph,92,23.4740,17.0679,23.5180,23.4740,
25,8,131072,2048,hyprefill,768/768/768,graph,93,23.7160,17.6171,23.7623,23.7160,
25,8,131072,2048,hyprefill,768/768/768,graph,94,23.5952,17.0679,23.6411,23.5952,
25,8,131072,2048,hyprefill,768/768/768,graph,95,23.7723,17.3425,23.8175,23.7723,
25,8,131072,2048,hyprefill,768/768/768,graph,96,23.4838,17.3425,23.5278,23.4838,
25,8,131072,2048,hyprefill,768/768/768,graph,97,23.5670,17.3425,23.6202,23.5670,
25,8,131072,2048,hyprefill,768/768/768,graph,98,23.9413,17.3425,23.9909,23.9413,
25,8,131072,2048,hyprefill,768/768/768,graph,99,23.6983,15.7268,23.7484,23.6983,
25,8,131072,2048,hyprefill,768/768/768,graph,100,23.6082,17.6171,23.6541,23.6082,
25,8,131072,2048,hyprefill,768/768/768,graph,101,22.1543,17.5853,22.2055,22.1543,
25,8,131072,2048,hyprefill,768/768/768,graph,102,23.7404,17.6171,23.7860,23.7404,
25,8,131072,2048,hyprefill,768/768/768,graph,103,23.9288,17.3425,23.9716,23.9288,
25,8,131072,2048,hyprefill,768/768/768,graph,104,23.8146,17.0679,23.8586,23.8146,
25,8,131072,2048,hyprefill,768/768/768,graph,105,23.1616,17.6171,23.2084,23.1616,
25,8,131072,2048,hyprefill,768/768/768,graph,106,23.6196,16.5188,23.6659,23.6196,
25,8,131072,2048,hyprefill,768/768/768,graph,107,23.5546,16.0014,23.5960,23.5546,
25,8,131072,2048,hyprefill,768/768/768,graph,108,23.8426,16.2760,23.8891,23.8426,
25,8,131072,2048,hyprefill,768/768/768,graph,109,21.4084,17.8599,25.4893,21.4084,
25,8,131072,2048,hyprefill,768/768/768,graph,110,23.4660,17.0679,23.5118,23.4660,
25,8,131072,2048,hyprefill,768/768/768,graph,111,23.1473,17.3425,23.1927,23.1473,
25,8,131072,2048,hyprefill,768/768/768,graph,112,23.6340,17.3425,23.6788,23.6340,
25,8,131072,2048,hyprefill,768/768/768,graph,113,23.6735,17.3425,23.7176,23.6735,
25,8,131072,2048,hyprefill,768/768/768,graph,114,23.6247,17.3425,23.6680,23.6247,
25,8,131072,2048,hyprefill,768/768/768,graph,115,23.9049,16.0014,23.9561,23.9049,
25,8,131072,2048,hyprefill,768/768/768,graph,116,23.4519,16.2760,23.5025,23.4519,
25,8,131072,2048,hyprefill,768/768/768,graph,117,23.6872,17.0679,23.7334,23.6872,
25,8,131072,2048,hyprefill,768/768/768,graph,118,23.6793,17.6171,23.7230,23.6793,
25,8,131072,2048,hyprefill,768/768/768,graph,119,23.4624,17.0679,23.5094,23.4624,
25,8,131072,2048,hyprefill,768/768/768,graph,120,23.4065,17.8917,23.4509,23.4065,
25,8,131072,2048,hyprefill,768/768/768,graph,121,23.6566,17.0679,23.7024,23.6566,
25,8,131072,2048,hyprefill,768/768/768,graph,122,23.2380,16.5506,23.2876,23.2380,
25,8,131072,2048,hyprefill,768/768/768,graph,123,23.8835,16.5188,23.9271,23.8835,
25,8,131072,2048,hyprefill,768/768/768,graph,124,23.4102,17.0998,23.4574,23.4102,
25,8,131072,2048,hyprefill,768/768/768,graph,125,23.7653,16.2442,23.8108,23.7653,
25,8,131072,2048,hyprefill,768/768/768,graph,126,23.3292,18.1663,23.3732,23.3292,
25,8,131072,2048,hyprefill,768/768/768,graph,127,23.9151,17.0679,23.9617,23.9151,
25,8,131072,2048,hyprefill,768/768/768,graph,128,23.8919,18.1663,23.9361,23.8919,
25,8,131072,2048,hyprefill,768/768/768,graph,129,23.6750,16.5188,23.7211,23.6750,
25,8,131072,2048,hyprefill,768/768/768,graph,130,23.4318,16.5506,23.4769,23.4318,
25,8,131072,2048,hyprefill,768/768/768,graph,131,23.7499,16.5188,23.7944,23.7499,
25,8,131072,2048,hyprefill,768/768/768,graph,132,23.7011,16.8252,23.7473,23.7011,
25,8,131072,2048,hyprefill,768/768/768,graph,133,22.6548,17.8599,22.7010,22.6548,
25,8,131072,2048,hyprefill,768/768/768,graph,134,23.9116,17.8917,23.9649,23.9116,
25,8,131072,2048,hyprefill,768/768/768,graph,135,23.4535,16.7934,23.5070,23.4535,
25,8,131072,2048,hyprefill,768/768/768,graph,136,23.6676,18.4409,23.7150,23.6676,
25,8,131072,2048,hyprefill,768/768/768,graph,137,23.1602,16.7934,23.2211,23.1602,
25,8,131072,2048,hyprefill,768/768/768,graph,138,23.4382,16.2760,23.4870,23.4382,
25,8,131072,2048,hyprefill,768/768/768,graph,139,23.3327,16.2442,23.3810,23.3327,
25,8,131072,2048,hyprefill,768/768/768,graph,140,23.8401,16.8252,23.8864,23.8401,
25,8,131072,2048,hyprefill,768/768/768,graph,141,23.7715,16.7934,23.8185,23.7715,
25,8,131072,2048,hyprefill,768/768/768,graph,142,23.2974,18.1663,23.3543,23.2974,
25,8,131072,2048,hyprefill,768/768/768,graph,143,22.7876,17.0361,22.8364,22.7876,
25,8,131072,2048,hyprefill,768/768/768,graph,144,23.7128,17.8917,23.7606,23.7128,
25,8,131072,2048,hyprefill,768/768/768,graph,145,22.5478,17.3107,22.5935,22.5478,
25,8,131072,2048,hyprefill,768/768/768,graph,146,23.0616,16.2760,23.1100,23.0616,
25,8,131072,2048,hyprefill,768/768/768,graph,147,23.8531,17.0679,23.9019,23.8531,
25,8,131072,2048,hyprefill,768/768/768,graph,148,23.3800,16.5506,23.4290,23.3800,
25,8,131072,2048,hyprefill,768/768/768,graph,149,23.9689,16.7934,24.0149,23.9689,
25,8,131072,2048,hyprefill,768/768/768,graph,150,23.2703,17.6171,23.3135,23.2703,
25,8,131072,2048,hyprefill,768/768/768,graph,151,23.7184,16.7934,23.7654,23.7184,
25,8,131072,2048,hyprefill,768/768/768,graph,152,23.5364,18.4409,23.5823,23.5364,
25,8,131072,2048,hyprefill,768/768/768,graph,153,23.8990,16.5188,23.9457,23.8990,
25,8,131072,2048,hyprefill,768/768/768,graph,154,23.3166,16.2760,23.3644,23.3166,
25,8,131072,2048,hyprefill,768/768/768,graph,155,23.8226,17.6171,23.8691,23.8226,
25,8,131072,2048,hyprefill,768/768/768,graph,156,23.7213,16.5506,23.7683,23.7213,
25,8,131072,2048,hyprefill,768/768/768,graph,157,22.8298,17.5853,22.8746,22.8298,
25,8,131072,2048,hyprefill,768/768/768,graph,158,24.0292,17.3744,24.0762,24.0292,
25,8,131072,2048,hyprefill,768/768/768,graph,159,22.8535,16.7615,22.8978,22.8535,
25,8,131072,2048,hyprefill,768/768/768,graph,160,23.5595,18.9901,23.6037,23.5595,
25,8,131072,2048,hyprefill,768/768/768,graph,161,23.6858,15.7268,23.7330,23.6858,
25,8,131072,2048,hyprefill,768/768/768,graph,162,23.6641,16.2760,23.7171,23.6641,
25,8,131072,2048,hyprefill,768/768/768,graph,163,23.5830,15.9696,23.6309,23.5830,
25,8,131072,2048,hyprefill,768/768/768,graph,164,23.8846,17.3744,23.9333,23.8846,
25,8,131072,2048,hyprefill,768/768/768,graph,165,23.8453,16.5188,23.8958,23.8453,
25,8,131072,2048,hyprefill,768/768/768,graph,166,24.1261,17.3744,24.1784,24.1261,
25,8,131072,2048,hyprefill,768/768/768,graph,167,23.6331,16.5188,23.6773,23.6331,
25,8,131072,2048,hyprefill,768/768/768,graph,168,23.7769,18.4409,23.8205,23.7769,
25,8,131072,2048,hyprefill,768/768/768,graph,169,23.9144,16.5188,23.9589,23.9144,
25,8,131072,2048,hyprefill,768/768/768,graph,170,23.7843,16.8252,23.8274,23.7843,
25,8,131072,2048,hyprefill,768/768/768,graph,171,23.9891,16.7934,24.0345,23.9891,
25,8,131072,2048,hyprefill,768/768/768,graph,172,23.8027,16.5506,23.8455,23.8027,
25,8,131072,2048,hyprefill,768/768/768,graph,173,23.7186,16.7934,23.7661,23.7186,
25,8,131072,2048,hyprefill,768/768/768,graph,174,23.2827,17.3425,23.3297,23.2827,
25,8,131072,2048,hyprefill,768/768/768,graph,175,23.3193,16.7934,23.3637,23.3193,
25,8,131072,2048,hyprefill,768/768/768,graph,176,23.2006,17.6171,23.2450,23.2006,
25,8,131072,2048,hyprefill,768/768/768,graph,177,23.6693,16.5188,23.7141,23.6693,
25,8,131072,2048,hyprefill,768/768/768,graph,178,22.8724,17.3425,22.9479,22.8724,
25,8,131072,2048,hyprefill,768/768/768,graph,179,21.4789,16.7615,21.5243,21.4789,
25,8,131072,2048,hyprefill,768/768/768,graph,180,24.0152,16.5506,24.0617,24.0152,
25,8,131072,2048,hyprefill,768/768/768,graph,181,23.0704,16.2442,23.1184,23.0704,
25,8,131072,2048,hyprefill,768/768/768,graph,182,22.2166,17.0679,22.2661,22.2166,
25,8,131072,2048,hyprefill,768/768/768,graph,183,23.2626,16.5188,23.3099,23.2626,
25,8,131072,2048,hyprefill,768/768/768,graph,184,22.6798,17.0679,22.7263,22.6798,
25,8,131072,2048,hyprefill,768/768/768,graph,185,23.3072,16.7934,23.3529,23.3072,
25,8,131072,2048,hyprefill,768/768/768,graph,186,23.2101,17.3425,23.2553,23.2101,
25,8,131072,2048,hyprefill,768/768/768,graph,187,21.7126,17.3107,21.7572,21.7126,
25,8,131072,2048,hyprefill,768/768/768,graph,188,23.3746,17.0679,23.4187,23.3746,
25,8,131072,2048,hyprefill,768/768/768,graph,189,23.4299,17.0679,23.4749,23.4299,
25,8,131072,2048,hyprefill,768/768/768,graph,190,23.4355,17.0679,23.4788,23.4355,
25,8,131072,2048,hyprefill,768/768/768,graph,191,23.5089,17.3425,23.5557,23.5089,
25,8,131072,2048,hyprefill,768/768/768,graph,192,23.7452,17.0679,23.7888,23.7452,
25,8,131072,2048,hyprefill,768/768/768,graph,193,23.4478,17.3425,23.4934,23.4478,
25,8,131072,2048,hyprefill,768/768/768,graph,194,23.4310,17.3425,23.4779,23.4310,
25,8,131072,2048,hyprefill,768/768/768,graph,195,23.4331,17.0679,23.4765,23.4331,
25,8,131072,2048,hyprefill,768/768/768,graph,196,23.7897,17.0679,23.8402,23.7897,
25,8,131072,2048,hyprefill,768/768/768,graph,197,23.6257,17.0679,23.6694,23.6257,
25,8,131072,2048,hyprefill,768/768/768,graph,198,23.7717,17.3425,23.8150,23.7717,
25,8,131072,2048,hyprefill,768/768/768,graph,199,23.8310,17.6171,23.8745,23.8310,
25,8,131072,8192,layered,2048/2048/2048,graph,0,23.6609,15.9059,23.7067,23.6609,
25,8,131072,8192,layered,2048/2048/2048,graph,1,23.9591,15.9378,24.0043,23.9591,
25,8,131072,8192,layered,2048/2048/2048,graph,2,23.8564,15.6314,23.9033,23.8564,
25,8,131072,8192,layered,2048/2048/2048,graph,3,23.7420,16.2124,23.7888,23.7420,
25,8,131072,8192,layered,2048/2048/2048,graph,4,23.5866,15.3568,23.6325,23.5866,
25,8,131072,8192,layered,2048/2048/2048,graph,5,23.7463,16.2124,23.7925,23.7463,
25,8,131072,8192,layered,2048/2048/2048,graph,6,23.5265,15.3568,23.5720,23.5265,
25,8,131072,8192,layered,2048/2048/2048,graph,7,23.7665,16.2124,23.8127,23.7665,
25,8,131072,8192,layered,2048/2048/2048,graph,8,23.6217,15.3568,23.6664,23.6217,
25,8,131072,8192,layered,2048/2048/2048,graph,9,23.9616,15.9378,24.0074,23.9616,
25,8,131072,8192,layered,2048/2048/2048,graph,10,23.8424,15.6314,23.8862,23.8424,
25,8,131072,8192,layered,2048/2048/2048,graph,11,23.9320,15.9378,23.9854,23.9320,
25,8,131072,8192,layered,2048/2048/2048,graph,12,23.8474,15.6314,23.8935,23.8474,
25,8,131072,8192,layered,2048/2048/2048,graph,13,23.6919,16.2124,23.7367,23.6919,
25,8,131072,8192,layered,2048/2048/2048,graph,14,23.4691,15.3568,23.5148,23.4691,
25,8,131072,8192,layered,2048/2048/2048,graph,15,23.7366,16.2124,23.7830,23.7366,
25,8,131072,8192,layered,2048/2048/2048,graph,16,23.5960,15.3568,23.6416,23.5960,
25,8,131072,8192,layered,2048/2048/2048,graph,17,23.7304,16.2124,23.7772,23.7304,
25,8,131072,8192,layered,2048/2048/2048,graph,18,23.5196,15.3568,23.5630,23.5196,
25,8,131072,8192,layered,2048/2048/2048,graph,19,24.0524,15.9378,24.0993,24.0524,
25,8,131072,8192,layered,2048/2048/2048,graph,20,23.8356,15.6314,23.8818,23.8356,
25,8,131072,8192,layered,2048/2048/2048,graph,21,24.0365,15.9378,24.0850,24.0365,
25,8,131072,8192,layered,2048/2048/2048,graph,22,23.4953,15.9059,23.5437,23.4953,
25,8,131072,8192,layered,2048/2048/2048,graph,23,23.8020,16.2124,23.8558,23.8020,
25,8,131072,8192,layered,2048/2048/2048,graph,24,24.0071,15.0822,24.0522,24.0071,
25,8,131072,8192,layered,2048/2048/2048,graph,25,23.9916,16.2124,24.0407,23.9916,
25,8,131072,8192,layered,2048/2048/2048,graph,26,23.8264,15.6314,23.8715,23.8264,
25,8,131072,8192,layered,2048/2048/2048,graph,27,23.9836,15.6632,24.0308,23.9836,
25,8,131072,8192,layered,2048/2048/2048,graph,28,23.0270,15.6314,23.0711,23.0270,
25,8,131072,8192,layered,2048/2048/2048,graph,29,23.8941,15.6632,23.9417,23.8941,
25,8,131072,8192,layered,2048/2048/2048,graph,30,23.0190,15.6314,23.0709,23.0190,
25,8,131072,8192,layered,2048/2048/2048,graph,31,23.9551,15.6632,24.0045,23.9551,
25,8,131072,8192,layered,2048/2048/2048,graph,32,23.3554,15.9059,23.4030,23.3554,
25,8,131072,8192,layered,2048/2048/2048,graph,33,24.1465,15.6632,24.1939,24.1465,
25,8,131072,8192,layered,2048/2048/2048,graph,34,23.4229,15.6314,23.4683,23.4229,
25,8,131072,8192,layered,2048/2048/2048,graph,35,23.8124,15.6632,23.8636,23.8124,
25,8,131072,8192,layered,2048/2048/2048,graph,36,23.2787,15.9059,23.3244,23.2787,
25,8,131072,8192,layered,2048/2048/2048,graph,37,23.7263,15.6632,23.7723,23.7263,
25,8,131072,8192,layered,2048/2048/2048,graph,38,23.6950,15.9059,23.7638,23.6950,
25,8,131072,8192,layered,2048/2048/2048,graph,39,23.9622,15.9378,24.0088,23.9622,
25,8,131072,8192,layered,2048/2048/2048,graph,40,23.8134,15.6314,23.8586,23.8134,
25,8,131072,8192,layered,2048/2048/2048,graph,41,23.9912,15.9378,24.0435,23.9912,
25,8,131072,8192,layered,2048/2048/2048,graph,42,23.4513,15.9059,23.4965,23.4513,
25,8,131072,8192,layered,2048/2048/2048,graph,43,23.9558,15.9378,24.0213,23.9558,
25,8,131072,8192,layered,2048/2048/2048,graph,44,23.8588,15.6314,23.9081,23.8588,
25,8,131072,8192,layered,2048/2048/2048,graph,45,24.0329,15.6632,24.0808,24.0329,
25,8,131072,8192,layered,2048/2048/2048,graph,46,22.7220,15.9059,22.7707,22.7220,
25,8,131072,8192,layered,2048/2048/2048,graph,47,24.0886,15.6632,24.1355,24.0886,
25,8,131072,8192,layered,2048/2048/2048,graph,48,23.0174,15.6314,23.0625,23.0174,
25,8,131072,8192,layered,2048/2048/2048,graph,49,23.9557,15.9378,24.0127,23.9557,
25,8,131072,8192,layered,2048/2048/2048,graph,50,23.3213,15.6314,23.3681,23.3213,
25,8,131072,8192,layered,2048/2048/2048,graph,51,22.5976,16.7297,22.6455,22.5976,
25,8,131072,8192,layered,2048/2048/2048,graph,52,23.6617,15.9059,23.7118,23.6617,
25,8,131072,8192,layered,2048/2048/2048,graph,53,23.9582,15.3886,24.0077,23.9582,
25,8,131072,8192,layered,2048/2048/2048,graph,54,23.7901,14.8394,23.8395,23.7901,
25,8,131072,8192,layered,2048/2048/2048,graph,55,23.7040,15.6632,23.7506,23.7040,
25,8,131072,8192,layered,2048/2048/2048,graph,56,22.7403,15.3568,22.7850,22.7403,
25,8,131072,8192,layered,2048/2048/2048,graph,57,24.0572,15.9378,24.1043,24.0572,
25,8,131072,8192,layered,2048/2048/2048,graph,58,22.4525,15.3568,22.4978,22.4525,
25,8,131072,8192,layered,2048/2048/2048,graph,59,22.0225,16.4551,22.0684,22.0225,
25,8,131072,8192,layered,2048/2048/2048,graph,60,22.8396,15.6314,22.8844,22.8396,
25,8,131072,8192,layered,2048/2048/2048,graph,61,23.9253,15.9378,23.9720,23.9253,
25,8,131072,8192,layered,2048/2048/2048,graph,62,23.9749,14.8394,24.0210,23.9749,
25,8,131072,8192,layered,2048/2048/2048,graph,63,23.9260,15.3886,23.9706,23.9260,
25,8,131072,8192,layered,2048/2048/2048,graph,64,23.8115,15.3886,23.8592,23.8115,
25,8,131072,8192,layered,2048/2048/2048,graph,65,22.4735,15.3568,22.5202,22.4735,
25,8,131072,8192,layered,2048/2048/2048,graph,66,23.2974,15.3886,23.3455,23.2974,
25,8,131072,8192,layered,2048/2048/2048,graph,67,23.9524,14.8394,24.0020,23.9524,
25,8,131072,8192,layered,2048/2048/2048,graph,68,21.3085,15.9059,21.3547,21.3085,
25,8,131072,8192,layered,2048/2048/2048,graph,69,23.8460,15.1140,23.8907,23.8460,
25,8,131072,8192,layered,2048/2048/2048,graph,70,23.9560,15.1140,23.9999,23.9560,
25,8,131072,8192,layered,2048/2048/2048,graph,71,22.0261,15.9059,22.0725,22.0261,
25,8,131072,8192,layered,2048/2048/2048,graph,72,23.6017,15.3886,23.6456,23.6017,
25,8,131072,8192,layered,2048/2048/2048,graph,73,23.0782,15.6314,23.1231,23.0782,
25,8,131072,8192,layered,2048/2048/2048,graph,74,23.7213,15.6632,23.7668,23.7213,
25,8,131072,8192,layered,2048/2048/2048,graph,75,23.7452,14.8394,23.7895,23.7452,
25,8,131072,8192,layered,2048/2048/2048,graph,76,22.6628,16.4551,22.7062,22.6628,
25,8,131072,8192,layered,2048/2048/2048,graph,77,23.5593,16.1805,23.6048,23.5593,
25,8,131072,8192,layered,2048/2048/2048,graph,78,23.9062,15.3886,23.9509,23.9062,
25,8,131072,8192,layered,2048/2048/2048,graph,79,23.4702,16.1805,23.5140,23.4702,
25,8,131072,8192,layered,2048/2048/2048,graph,80,24.0657,15.3886,24.1097,24.0657,
25,8,131072,8192,layered,2048/2048/2048,graph,81,23.4533,16.1805,23.4974,23.4533,
25,8,131072,8192,layered,2048/2048/2048,graph,82,23.3260,16.4551,23.3697,23.3260,
25,8,131072,8192,layered,2048/2048/2048,graph,83,23.8532,15.1140,23.8996,23.8532,
25,8,131072,8192,layered,2048/2048/2048,graph,84,24.0963,15.6632,24.1443,24.0963,
25,8,131072,8192,layered,2048/2048/2048,graph,85,23.2164,15.9059,23.2609,23.2164,
25,8,131072,8192,layered,2048/2048/2048,graph,86,23.9057,15.9378,23.9493,23.9057,
25,8,131072,8192,layered,2048/2048/2048,graph,87,23.1289,15.3568,23.1734,23.1289,
25,8,131072,8192,layered,2048/2048/2048,graph,88,24.0096,15.3886,24.0556,24.0096,
25,8,131072,8192,layered,2048/2048/2048,graph,89,23.8576,15.1140,23.9039,23.8576,
25,8,131072,8192,layered,2048/2048/2048,graph,90,22.8560,16.4551,22.9197,22.8560,
25,8,131072,8192,layered,2048/2048/2048,graph,91,23.3642,16.1805,23.4088,23.3642,
25,8,131072,8192,layered,2048/2048/2048,graph,92,23.8404,15.3886,23.8861,23.8404,
25,8,131072,8192,layered,2048/2048/2048,graph,93,23.5831,16.1805,23.6272,23.5831,
25,8,131072,8192,layered,2048/2048/2048,graph,94,23.3861,16.4551,23.4352,23.3861,
25,8,131072,8192,layered,2048/2048/2048,graph,95,23.4081,16.1805,23.4556,23.4081,
25,8,131072,8192,layered,2048/2048/2048,graph,96,23.7874,15.6632,23.8374,23.7874,
25,8,131072,8192,layered,2048/2048/2048,graph,97,23.5124,15.6314,23.5598,23.5124,
25,8,131072,8192,layered,2048/2048/2048,graph,98,23.9058,15.3886,23.9532,23.9058,
25,8,131072,8192,layered,2048/2048/2048,graph,99,22.7004,15.9059,22.7462,22.7004,
25,8,131072,8192,layered,2048/2048/2048,graph,100,23.5380,15.6632,23.5863,23.5380,
25,8,131072,8192,layered,2048/2048/2048,graph,101,23.0431,15.6314,23.0882,23.0431,
25,8,131072,8192,layered,2048/2048/2048,graph,102,23.6801,15.6632,23.7267,23.6801,
25,8,131072,8192,layered,2048/2048/2048,graph,103,23.5547,15.9059,23.5978,23.5547,
25,8,131072,8192,layered,2048/2048/2048,graph,104,23.1484,16.7297,23.1940,23.1484,
25,8,131072,8192,layered,2048/2048/2048,graph,105,23.4866,15.9059,23.5307,23.4866,
25,8,131072,8192,layered,2048/2048/2048,graph,106,23.6626,15.9378,23.7117,23.6626,
25,8,131072,8192,layered,2048/2048/2048,graph,107,23.3763,15.6314,23.4174,23.3763,
25,8,131072,8192,layered,2048/2048/2048,graph,108,23.6657,15.9378,23.7125,23.6657,
25,8,131072,8192,layered,2048/2048/2048,graph,109,23.4462,15.6314,23.5548,23.4462,
25,8,131072,8192,layered,2048/2048/2048,graph,110,23.8031,15.9378,23.8510,23.8031,
25,8,131072,8192,layered,2048/2048/2048,graph,111,23.3711,15.6314,23.4160,23.3711,
25,8,131072,8192,layered,2048/2048/2048,graph,112,23.1497,16.7297,23.1951,23.1497,
25,8,131072,8192,layered,2048/2048/2048,graph,113,23.6374,15.9059,23.6823,23.6374,
25,8,131072,8192,layered,2048/2048/2048,graph,114,23.9119,15.9378,23.9595,23.9119,
25,8,131072,8192,layered,2048/2048/2048,graph,115,23.3103,15.3568,23.3545,23.3103,
25,8,131072,8192,layered,2048/2048/2048,graph,116,23.6814,15.6632,23.7287,23.6814,
25,8,131072,8192,layered,2048/2048/2048,graph,117,22.9175,15.3568,22.9628,22.9175,
25,8,131072,8192,layered,2048/2048/2048,graph,118,23.8887,15.9378,23.9424,23.8887,
25,8,131072,8192,layered,2048/2048/2048,graph,119,23.0100,15.3568,23.0540,23.0100,
25,8,131072,8192,layered,2048/2048/2048,graph,120,23.6666,15.9378,23.7137,23.6666,
25,8,131072,8192,layered,2048/2048/2048,graph,121,23.1230,15.6314,23.1669,23.1230,
25,8,131072,8192,layered,2048/2048/2048,graph,122,22.9322,16.4551,22.9805,22.9322,
25,8,131072,8192,layered,2048/2048/2048,graph,123,23.3205,15.9059,23.3647,23.3205,
25,8,131072,8192,layered,2048/2048/2048,graph,124,23.8136,15.9378,23.8647,23.8136,
25,8,131072,8192,layered,2048/2048/2048,graph,125,23.7304,15.6314,23.7746,23.7304,
25,8,131072,8192,layered,2048/2048/2048,graph,126,23.9464,15.9378,23.9941,23.9464,
25,8,131072,8192,layered,2048/2048/2048,graph,127,23.5829,15.6314,23.6299,23.5829,
25,8,131072,8192,layered,2048/2048/2048,graph,128,24.0260,15.6632,24.0751,24.0260,
25,8,131072,8192,layered,2048/2048/2048,graph,129,23.4595,15.6314,23.5040,23.4595,
25,8,131072,8192,layered,2048/2048/2048,graph,130,23.8213,16.2124,23.8679,23.8213,
25,8,131072,8192,layered,2048/2048/2048,graph,131,23.6495,15.3568,23.6951,23.6495,
25,8,131072,8192,layered,2048/2048/2048,graph,132,23.7203,16.2124,23.7683,23.7203,
25,8,131072,8192,layered,2048/2048/2048,graph,133,23.7199,15.3568,23.7648,23.7199,
25,8,131072,8192,layered,2048/2048/2048,graph,134,23.8202,16.2124,23.8696,23.8202,
25,8,131072,8192,layered,2048/2048/2048,graph,135,23.7400,15.6314,23.7852,23.7400,
25,8,131072,8192,layered,2048/2048/2048,graph,136,24.0226,15.9378,24.0957,24.0226,
25,8,131072,8192,layered,2048/2048/2048,graph,137,23.9411,15.6314,23.9869,23.9411,
25,8,131072,8192,layered,2048/2048/2048,graph,138,23.9468,15.9378,23.9974,23.9468,
25,8,131072,8192,layered,2048/2048/2048,graph,139,23.8056,15.6314,23.8496,23.8056,
25,8,131072,8192,layered,2048/2048/2048,graph,140,23.8829,15.9378,23.9292,23.8829,
25,8,131072,8192,layered,2048/2048/2048,graph,141,23.5508,15.9059,23.5957,23.5508,
25,8,131072,8192,layered,2048/2048/2048,graph,142,23.6971,16.2124,23.7454,23.6971,
25,8,131072,8192,layered,2048/2048/2048,graph,143,23.8283,15.0822,23.8723,23.8283,
25,8,131072,8192,layered,2048/2048/2048,graph,144,23.9865,15.9378,24.0320,23.9865,
25,8,131072,8192,layered,2048/2048/2048,graph,145,22.3676,15.6314,22.4141,22.3676,
25,8,131072,8192,layered,2048/2048/2048,graph,146,24.1516,15.6632,24.1962,24.1516,
25,8,131072,8192,layered,2048/2048/2048,graph,147,22.8718,15.6314,22.9161,22.8718,
25,8,131072,8192,layered,2048/2048/2048,graph,148,23.8037,15.9378,23.8506,23.8037,
25,8,131072,8192,layered,2048/2048/2048,graph,149,24.0281,14.5648,24.0798,24.0281,
25,8,131072,8192,layered,2048/2048/2048,graph,150,23.6417,15.9378,23.6911,23.6417,
25,8,131072,8192,layered,2048/2048/2048,graph,151,23.5869,15.3568,23.6313,23.5869,
25,8,131072,8192,layered,2048/2048/2048,graph,152,24.0029,15.9378,24.0511,24.0029,
25,8,131072,8192,layered,2048/2048/2048,graph,153,23.6969,14.8394,23.7434,23.6969,
25,8,131072,8192,layered,2048/2048/2048,graph,154,24.0395,15.6632,24.0859,24.0395,
25,8,131072,8192,layered,2048/2048/2048,graph,155,22.4977,15.6314,22.5420,22.4977,
25,8,131072,8192,layered,2048/2048/2048,graph,156,23.7297,15.3886,23.7837,23.7297,
25,8,131072,8192,layered,2048/2048/2048,graph,157,24.1109,15.1140,24.1619,24.1109,
25,8,131072,8192,layered,2048/2048/2048,graph,158,23.6732,15.6632,23.7234,23.6732,
25,8,131072,8192,layered,2048/2048/2048,graph,159,22.7360,15.3568,22.7807,22.7360,
25,8,131072,8192,layered,2048/2048/2048,graph,160,23.7473,15.9378,23.7985,23.7473,
25,8,131072,8192,layered,2048/2048/2048,graph,161,23.9015,14.8394,23.9514,23.9015,
25,8,131072,8192,layered,2048/2048/2048,graph,162,23.6595,15.3886,23.7090,23.6595,
25,8,131072,8192,layered,2048/2048/2048,graph,163,22.6625,15.6314,22.7093,22.6625,
25,8,131072,8192,layered,2048/2048/2048,graph,164,23.6829,15.6632,23.7293,23.6829,
25,8,131072,8192,layered,2048/2048/2048,graph,165,23.1004,15.6314,23.1451,23.1004,
25,8,131072,8192,layered,2048/2048/2048,graph,166,23.8775,15.3886,23.9225,23.8775,
25,8,131072,8192,layered,2048/2048/2048,graph,167,23.9680,15.1140,24.0137,23.9680,
25,8,131072,8192,layered,2048/2048/2048,graph,168,22.3440,16.4551,22.3879,22.3440,
25,8,131072,8192,layered,2048/2048/2048,graph,169,23.0639,15.6314,23.1089,23.0639,
25,8,131072,8192,layered,2048/2048/2048,graph,170,23.5955,15.6632,23.6466,23.5955,
25,8,131072,8192,layered,2048/2048/2048,graph,171,23.8248,15.1140,23.8712,23.8248,
25,8,131072,8192,layered,2048/2048/2048,graph,172,23.2273,16.1805,23.2689,23.2273,
25,8,131072,8192,layered,2048/2048/2048,graph,173,23.0021,16.1805,23.0477,23.0021,
25,8,131072,8192,layered,2048/2048/2048,graph,174,23.8175,15.6632,23.8632,23.8175,
25,8,131072,8192,layered,2048/2048/2048,graph,175,22.9676,15.3568,23.0119,22.9676,
25,8,131072,8192,layered,2048/2048/2048,graph,176,23.5671,15.9378,23.6128,23.5671,
25,8,131072,8192,layered,2048/2048/2048,graph,177,23.8613,15.6314,23.9064,23.8613,
25,8,131072,8192,layered,2048/2048/2048,graph,178,24.0518,16.2124,24.0992,24.0518,
25,8,131072,8192,layered,2048/2048/2048,graph,179,23.5718,15.3568,23.6163,23.5718,
25,8,131072,8192,layered,2048/2048/2048,graph,180,23.9050,15.9378,23.9506,23.9050,
25,8,131072,8192,layered,2048/2048/2048,graph,181,23.4323,15.9059,23.4771,23.4323,
25,8,131072,8192,layered,2048/2048/2048,graph,182,23.8324,15.9378,23.8836,23.8324,
25,8,131072,8192,layered,2048/2048/2048,graph,183,23.1185,15.3568,23.1620,23.1185,
25,8,131072,8192,layered,2048/2048/2048,graph,184,23.8214,15.9378,23.8679,23.8214,
25,8,131072,8192,layered,2048/2048/2048,graph,185,23.5932,15.6314,23.6368,23.5932,
25,8,131072,8192,layered,2048/2048/2048,graph,186,23.9206,16.2124,23.9679,23.9206,
25,8,131072,8192,layered,2048/2048/2048,graph,187,23.8254,15.6314,23.8695,23.8254,
25,8,131072,8192,layered,2048/2048/2048,graph,188,23.7897,15.6632,23.8350,23.7897,
25,8,131072,8192,layered,2048/2048/2048,graph,189,23.3464,16.1805,23.3940,23.3464,
25,8,131072,8192,layered,2048/2048/2048,graph,190,24.0654,15.9378,24.1155,24.0654,
25,8,131072,8192,layered,2048/2048/2048,graph,191,23.6646,15.6314,23.7105,23.6646,
25,8,131072,8192,layered,2048/2048/2048,graph,192,23.7423,15.6632,23.7946,23.7423,
25,8,131072,8192,layered,2048/2048/2048,graph,193,23.7791,15.9059,23.8306,23.7791,
25,8,131072,8192,layered,2048/2048/2048,graph,194,23.1131,16.7297,23.1607,23.1131,
25,8,131072,8192,layered,2048/2048/2048,graph,195,23.5862,15.9059,23.6314,23.5862,
25,8,131072,8192,layered,2048/2048/2048,graph,196,24.0546,15.3886,24.1078,24.0546,
25,8,131072,8192,layered,2048/2048/2048,graph,197,23.9971,15.1140,24.0451,23.9971,
25,8,131072,8192,layered,2048/2048/2048,graph,198,23.0756,16.4551,23.1205,23.0756,
25,8,131072,8192,layered,2048/2048/2048,graph,199,23.2609,16.1805,23.3053,23.2609,
25,8,131072,8192,layered,6144/6144/6144,graph,0,16.3618,14.7439,16.4075,16.3618,
25,8,131072,8192,layered,6144/6144/6144,graph,1,17.3994,14.7439,17.4438,17.3994,
25,8,131072,8192,layered,6144/6144/6144,graph,2,22.6507,13.9520,22.7028,22.6507,
25,8,131072,8192,layered,6144/6144/6144,graph,3,22.4313,13.9520,22.4835,22.4313,
25,8,131072,8192,layered,6144/6144/6144,graph,4,22.4445,13.9520,22.4983,22.4445,
25,8,131072,8192,layered,6144/6144/6144,graph,5,22.7761,13.9520,22.8368,22.7761,
25,8,131072,8192,layered,6144/6144/6144,graph,6,22.8252,13.9520,22.8727,22.8252,
25,8,131072,8192,layered,6144/6144/6144,graph,7,23.2010,14.2266,23.2492,23.2010,
25,8,131072,8192,layered,6144/6144/6144,graph,8,16.6879,14.4693,16.7344,16.6879,
25,8,131072,8192,layered,6144/6144/6144,graph,9,17.9489,15.0185,17.9965,17.9489,
25,8,131072,8192,layered,6144/6144/6144,graph,10,22.6596,13.9520,22.7067,22.6596,
25,8,131072,8192,layered,6144/6144/6144,graph,11,22.5195,13.9520,22.5663,22.5195,
25,8,131072,8192,layered,6144/6144/6144,graph,12,22.9070,14.2266,22.9593,22.9070,
25,8,131072,8192,layered,6144/6144/6144,graph,13,22.8421,13.9520,22.8907,22.8421,
25,8,131072,8192,layered,6144/6144/6144,graph,14,23.2786,14.2266,23.3277,23.2786,
25,8,131072,8192,layered,6144/6144/6144,graph,15,22.6362,13.9520,22.6834,22.6362,
25,8,131072,8192,layered,6144/6144/6144,graph,16,22.9941,14.2266,23.0423,22.9941,
25,8,131072,8192,layered,6144/6144/6144,graph,17,18.7085,14.4693,18.7524,18.7085,
25,8,131072,8192,layered,6144/6144/6144,graph,18,23.1266,14.2266,23.1756,23.1266,
25,8,131072,8192,layered,6144/6144/6144,graph,19,22.5921,13.9520,22.6390,22.5921,
25,8,131072,8192,layered,6144/6144/6144,graph,20,22.3228,13.9520,22.3733,22.3228,
25,8,131072,8192,layered,6144/6144/6144,graph,21,22.8493,13.9520,22.8994,22.8493,
25,8,131072,8192,layered,6144/6144/6144,graph,22,22.6479,13.9520,22.6964,22.6479,
25,8,131072,8192,layered,6144/6144/6144,graph,23,22.5976,13.9520,22.6516,22.5976,
25,8,131072,8192,layered,6144/6144/6144,graph,24,19.8558,15.0185,19.9017,19.8558,
25,8,131072,8192,layered,6144/6144/6144,graph,25,19.5338,15.2931,19.5799,19.5338,
25,8,131072,8192,layered,6144/6144/6144,graph,26,23.2113,14.2266,23.2591,23.2113,
25,8,131072,8192,layered,6144/6144/6144,graph,27,22.5907,13.9520,22.6426,22.5907,
25,8,131072,8192,layered,6144/6144/6144,graph,28,22.3715,13.9520,22.4196,22.3715,
25,8,131072,8192,layered,6144/6144/6144,graph,29,22.8336,13.9520,22.8809,22.8336,
25,8,131072,8192,layered,6144/6144/6144,graph,30,22.8437,13.9520,22.8926,22.8437,
25,8,131072,8192,layered,6144/6144/6144,graph,31,22.8789,13.6774,22.9257,22.8789,
25,8,131072,8192,layered,6144/6144/6144,graph,32,22.5719,14.5012,22.6187,22.5719,
25,8,131072,8192,layered,6144/6144/6144,graph,33,19.5419,14.4693,19.5866,19.5419,
25,8,131072,8192,layered,6144/6144/6144,graph,34,22.8158,14.5012,22.8629,22.8158,
25,8,131072,8192,layered,6144/6144/6144,graph,35,22.7670,13.6774,22.8180,22.7670,
25,8,131072,8192,layered,6144/6144/6144,graph,36,22.9042,14.2266,22.9567,22.9042,
25,8,131072,8192,layered,6144/6144/6144,graph,37,22.8278,13.6774,22.8770,22.8278,
25,8,131072,8192,layered,6144/6144/6144,graph,38,22.6710,13.9520,22.7191,22.6710,
25,8,131072,8192,layered,6144/6144/6144,graph,39,22.5873,13.9520,22.6366,22.5873,
25,8,131072,8192,layered,6144/6144/6144,graph,40,22.3337,13.9520,22.3821,22.3337,
25,8,131072,8192,layered,6144/6144/6144,graph,41,23.2727,14.2266,23.3210,23.2727,
25,8,131072,8192,layered,6144/6144/6144,graph,42,23.1533,14.2266,23.1956,23.1533,
25,8,131072,8192,layered,6144/6144/6144,graph,43,17.5158,14.4693,17.5609,17.5158,
25,8,131072,8192,layered,6144/6144/6144,graph,44,22.9405,14.2266,22.9887,22.9405,
25,8,131072,8192,layered,6144/6144/6144,graph,45,22.3550,13.9520,22.4089,22.3550,
25,8,131072,8192,layered,6144/6144/6144,graph,46,23.0924,13.6774,23.1439,23.0924,
25,8,131072,8192,layered,6144/6144/6144,graph,47,22.7877,14.5012,22.8376,22.7877,
25,8,131072,8192,layered,6144/6144/6144,graph,48,22.7053,13.6774,22.7507,22.7053,
25,8,131072,8192,layered,6144/6144/6144,graph,49,23.3082,14.2266,23.3596,23.3082,
25,8,131072,8192,layered,6144/6144/6144,graph,50,16.6585,14.4693,16.7042,16.6585,
25,8,131072,8192,layered,6144/6144/6144,graph,51,23.0737,14.2266,23.1216,23.0737,
25,8,131072,8192,layered,6144/6144/6144,graph,52,17.3365,14.7439,17.3837,17.3365,
25,8,131072,8192,layered,6144/6144/6144,graph,53,22.6192,14.5012,22.6649,22.6192,
25,8,131072,8192,layered,6144/6144/6144,graph,54,23.1275,13.6774,23.1749,23.1275,
25,8,131072,8192,layered,6144/6144/6144,graph,55,22.8021,14.5012,22.8503,22.8021,
25,8,131072,8192,layered,6144/6144/6144,graph,56,22.9812,13.4028,23.0291,22.9812,
25,8,131072,8192,layered,6144/6144/6144,graph,57,22.9691,14.5012,23.0173,22.9691,
25,8,131072,8192,layered,6144/6144/6144,graph,58,22.7203,13.6774,22.7682,22.7203,
25,8,131072,8192,layered,6144/6144/6144,graph,59,22.8981,14.5012,22.9444,22.8981,
25,8,131072,8192,layered,6144/6144/6144,graph,60,17.9849,14.1947,18.0309,17.9849,
25,8,131072,8192,layered,6144/6144/6144,graph,61,22.7406,14.5012,22.7877,22.7406,
25,8,131072,8192,layered,6144/6144/6144,graph,62,17.6524,14.4693,17.6988,17.6524,
25,8,131072,8192,layered,6144/6144/6144,graph,63,22.9503,14.5012,23.0025,22.9503,
25,8,131072,8192,layered,6144/6144/6144,graph,64,22.5870,13.6774,22.6350,22.5870,
25,8,131072,8192,layered,6144/6144/6144,graph,65,23.0177,14.5012,23.0627,23.0177,
25,8,131072,8192,layered,6144/6144/6144,graph,66,22.7230,13.6774,22.7717,22.7230,
25,8,131072,8192,layered,6144/6144/6144,graph,67,22.8783,14.5012,22.9258,22.8783,
25,8,131072,8192,layered,6144/6144/6144,graph,68,16.9188,14.1947,16.9646,16.9188,
25,8,131072,8192,layered,6144/6144/6144,graph,69,22.7015,14.5012,22.7495,22.7015,
25,8,131072,8192,layered,6144/6144/6144,graph,70,18.6216,14.4693,18.6666,18.6216,
25,8,131072,8192,layered,6144/6144/6144,graph,71,22.8090,14.5012,22.8580,22.8090,
25,8,131072,8192,layered,6144/6144/6144,graph,72,22.7402,13.6774,22.7866,22.7402,
25,8,131072,8192,layered,6144/6144/6144,graph,73,23.2810,14.2266,23.3279,23.2810,
25,8,131072,8192,layered,6144/6144/6144,graph,74,22.8761,13.6774,22.9229,22.8761,
25,8,131072,8192,layered,6144/6144/6144,graph,75,23.1444,14.2266,23.1927,23.1444,
25,8,131072,8192,layered,6144/6144/6144,graph,76,17.3300,14.7439,17.3840,17.3300,
25,8,131072,8192,layered,6144/6144/6144,graph,77,22.9737,14.2266,23.0212,22.9737,
25,8,131072,8192,layered,6144/6144/6144,graph,78,18.2521,14.7439,18.2997,18.2521,
25,8,131072,8192,layered,6144/6144/6144,graph,79,23.1273,14.2266,23.1749,23.1273,
25,8,131072,8192,layered,6144/6144/6144,graph,80,22.6625,13.6774,22.7150,22.6625,
25,8,131072,8192,layered,6144/6144/6144,graph,81,22.9524,14.5012,23.0052,22.9524,
25,8,131072,8192,layered,6144/6144/6144,graph,82,22.7772,13.6774,22.8290,22.7772,
25,8,131072,8192,layered,6144/6144/6144,graph,83,22.8656,14.5012,22.9147,22.8656,
25,8,131072,8192,layered,6144/6144/6144,graph,84,17.9006,14.1947,17.9467,17.9006,
25,8,131072,8192,layered,6144/6144/6144,graph,85,22.8156,14.5012,22.8644,22.8156,
25,8,131072,8192,layered,6144/6144/6144,graph,86,17.6756,14.4693,17.7211,17.6756,
25,8,131072,8192,layered,6144/6144/6144,graph,87,22.9699,14.5012,23.0195,22.9699,
25,8,131072,8192,layered,6144/6144/6144,graph,88,22.7788,13.6774,22.8298,22.7788,
25,8,131072,8192,layered,6144/6144/6144,graph,89,22.8460,13.9520,22.8944,22.8460,
25,8,131072,8192,layered,6144/6144/6144,graph,90,22.7768,13.6774,22.8248,22.7768,
25,8,131072,8192,layered,6144/6144/6144,graph,91,22.8914,14.5012,22.9465,22.8914,
25,8,131072,8192,layered,6144/6144/6144,graph,92,22.4546,13.9520,22.5032,22.4546,
25,8,131072,8192,layered,6144/6144/6144,graph,93,22.5564,13.9520,22.6034,22.5564,
25,8,131072,8192,layered,6144/6144/6144,graph,94,17.6630,14.4693,17.7091,17.6630,
25,8,131072,8192,layered,6144/6144/6144,graph,95,23.2988,14.2266,23.3473,23.2988,
25,8,131072,8192,layered,6144/6144/6144,graph,96,22.4042,13.9520,22.4609,22.4042,
25,8,131072,8192,layered,6144/6144/6144,graph,97,22.7255,13.9520,22.7779,22.7255,
25,8,131072,8192,layered,6144/6144/6144,graph,98,22.4905,13.9520,22.5400,22.4905,
25,8,131072,8192,layered,6144/6144/6144,graph,99,22.5292,13.9520,22.5857,22.5292,
25,8,131072,8192,layered,6144/6144/6144,graph,100,22.3961,13.9520,22.4443,22.3961,
25,8,131072,8192,layered,6144/6144/6144,graph,101,22.4520,13.9520,22.4988,22.4520,
25,8,131072,8192,layered,6144/6144/6144,graph,102,18.0335,15.0185,18.0849,18.0335,
25,8,131072,8192,layered,6144/6144/6144,graph,103,19.0062,15.0185,19.0550,19.0062,
25,8,131072,8192,layered,6144/6144/6144,graph,104,22.4208,13.9520,22.4705,22.4208,
25,8,131072,8192,layered,6144/6144/6144,graph,105,22.7311,13.9520,22.7855,22.7311,
25,8,131072,8192,layered,6144/6144/6144,graph,106,22.4564,13.9520,22.5072,22.4564,
25,8,131072,8192,layered,6144/6144/6144,graph,107,22.5431,13.9520,22.5890,22.5431,
25,8,131072,8192,layered,6144/6144/6144,graph,108,22.8580,14.2266,22.9163,22.8580,
25,8,131072,8192,layered,6144/6144/6144,graph,109,23.0245,14.2266,23.0722,23.0245,
25,8,131072,8192,layered,6144/6144/6144,graph,110,18.5602,14.4693,18.6057,18.5602,
25,8,131072,8192,layered,6144/6144/6144,graph,111,18.5224,15.2931,18.5685,18.5224,
25,8,131072,8192,layered,6144/6144/6144,graph,112,22.9581,14.2266,23.0103,22.9581,
25,8,131072,8192,layered,6144/6144/6144,graph,113,22.7282,13.9520,22.7755,22.7282,
25,8,131072,8192,layered,6144/6144/6144,graph,114,22.4772,13.9520,22.5256,22.4772,
25,8,131072,8192,layered,6144/6144/6144,graph,115,22.6387,13.9520,22.6868,22.6387,
25,8,131072,8192,layered,6144/6144/6144,graph,116,22.8996,14.2266,22.9496,22.8996,
25,8,131072,8192,layered,6144/6144/6144,graph,117,22.5982,13.9520,22.6512,22.5982,
25,8,131072,8192,layered,6144/6144/6144,graph,118,18.5860,14.4693,18.6337,18.5860,
25,8,131072,8192,layered,6144/6144/6144,graph,119,23.1880,14.2266,23.2364,23.1880,
25,8,131072,8192,layered,6144/6144/6144,graph,120,22.9380,14.2266,22.9858,22.9380,
25,8,131072,8192,layered,6144/6144/6144,graph,121,23.0857,13.6774,23.1332,23.0857,
25,8,131072,8192,layered,6144/6144/6144,graph,122,22.4487,13.9520,22.4961,22.4487,
25,8,131072,8192,layered,6144/6144/6144,graph,123,23.0115,13.6774,23.0577,23.0115,
25,8,131072,8192,layered,6144/6144/6144,graph,124,22.8226,14.2266,22.8705,22.8226,
25,8,131072,8192,layered,6144/6144/6144,graph,125,23.3807,14.2266,23.4279,23.3807,
25,8,131072,8192,layered,6144/6144/6144,graph,126,22.9972,14.2266,23.0441,22.9972,
25,8,131072,8192,layered,6144/6144/6144,graph,127,18.6787,14.4693,18.7237,18.6787,
25,8,131072,8192,layered,6144/6144/6144,graph,128,23.1237,14.2266,23.1726,23.1237,
25,8,131072,8192,layered,6144/6144/6144,graph,129,22.7611,13.9520,22.8077,22.7611,
25,8,131072,8192,layered,6144/6144/6144,graph,130,22.9481,14.2266,22.9983,22.9481,
25,8,131072,8192,layered,6144/6144/6144,graph,131,22.9395,13.6774,22.9892,22.9395,
25,8,131072,8192,layered,6144/6144/6144,graph,132,22.8981,14.2266,22.9454,22.8981,
25,8,131072,8192,layered,6144/6144/6144,graph,133,22.9183,13.6774,22.9673,22.9183,
25,8,131072,8192,layered,6144/6144/6144,graph,134,22.5124,14.5012,22.5611,22.5124,
25,8,131072,8192,layered,6144/6144/6144,graph,135,16.9057,14.1947,16.9516,16.9057,
25,8,131072,8192,layered,6144/6144/6144,graph,136,22.8598,14.5012,22.9074,22.8598,
25,8,131072,8192,layered,6144/6144/6144,graph,137,22.7108,13.6774,22.7576,22.7108,
25,8,131072,8192,layered,6144/6144/6144,graph,138,23.0729,14.2266,23.1207,23.0729,
25,8,131072,8192,layered,6144/6144/6144,graph,139,16.6572,14.4693,16.7076,16.6572,
25,8,131072,8192,layered,6144/6144/6144,graph,140,22.6627,14.5012,22.7150,22.6627,
25,8,131072,8192,layered,6144/6144/6144,graph,141,23.0624,13.6774,23.1095,23.0624,
25,8,131072,8192,layered,6144/6144/6144,graph,142,22.5838,14.5012,22.6405,22.5838,
25,8,131072,8192,layered,6144/6144/6144,graph,143,17.9192,14.1947,17.9654,17.9192,
25,8,131072,8192,layered,6144/6144/6144,graph,144,22.8268,14.5012,22.8761,22.8268,
25,8,131072,8192,layered,6144/6144/6144,graph,145,22.8413,13.6774,22.8888,22.8413,
25,8,131072,8192,layered,6144/6144/6144,graph,146,22.7128,14.5012,22.7608,22.7128,
25,8,131072,8192,layered,6144/6144/6144,graph,147,18.0037,14.1947,18.0497,18.0037,
25,8,131072,8192,layered,6144/6144/6144,graph,148,22.6415,14.5012,22.6961,22.6415,
25,8,131072,8192,layered,6144/6144/6144,graph,149,23.1082,13.6774,23.1593,23.1082,
25,8,131072,8192,layered,6144/6144/6144,graph,150,22.9290,14.2266,22.9769,22.9290,
25,8,131072,8192,layered,6144/6144/6144,graph,151,22.6936,13.9520,22.7420,22.6936,
25,8,131072,8192,layered,6144/6144/6144,graph,152,22.5450,13.9520,22.5961,22.5450,
25,8,131072,8192,layered,6144/6144/6144,graph,153,22.4692,13.9520,22.5170,22.4692,
25,8,131072,8192,layered,6144/6144/6144,graph,154,23.1203,14.2266,23.1671,23.1203,
25,8,131072,8192,layered,6144/6144/6144,graph,155,17.2683,14.7439,17.3141,17.2683,
25,8,131072,8192,layered,6144/6144/6144,graph,156,22.3674,13.9520,22.4138,22.3674,
25,8,131072,8192,layered,6144/6144/6144,graph,157,22.6547,13.9520,22.7068,22.6547,
25,8,131072,8192,layered,6144/6144/6144,graph,158,22.9094,14.2266,22.9558,22.9094,
25,8,131072,8192,layered,6144/6144/6144,graph,159,23.2589,14.2266,23.3103,23.2589,
25,8,131072,8192,layered,6144/6144/6144,graph,160,22.6561,13.9520,22.7016,22.6561,
25,8,131072,8192,layered,6144/6144/6144,graph,161,22.9740,14.2266,23.0212,22.9740,
25,8,131072,8192,layered,6144/6144/6144,graph,162,18.6482,14.4693,18.6965,18.6482,
25,8,131072,8192,layered,6144/6144/6144,graph,163,17.5979,15.2931,17.6457,17.5979,
25,8,131072,8192,layered,6144/6144/6144,graph,164,22.3371,13.9520,22.3844,22.3371,
25,8,131072,8192,layered,6144/6144/6144,graph,165,22.7860,13.9520,22.8332,22.7860,
25,8,131072,8192,layered,6144/6144/6144,graph,166,22.8310,14.2266,22.8828,22.8310,
25,8,131072,8192,layered,6144/6144/6144,graph,167,22.8064,13.9520,22.8551,22.8064,
25,8,131072,8192,layered,6144/6144/6144,graph,168,23.1303,14.2266,23.1827,23.1303,
25,8,131072,8192,layered,6144/6144/6144,graph,169,22.4882,13.9520,22.5348,22.4882,
25,8,131072,8192,layered,6144/6144/6144,graph,170,18.6253,14.4693,18.6704,18.6253,
25,8,131072,8192,layered,6144/6144/6144,graph,171,18.4939,15.2931,18.5443,18.4939,
25,8,131072,8192,layered,6144/6144/6144,graph,172,22.9128,14.2266,22.9575,22.9128,
25,8,131072,8192,layered,6144/6144/6144,graph,173,22.7719,13.9520,22.8208,22.7719,
25,8,131072,8192,layered,6144/6144/6144,graph,174,22.3884,13.9520,22.4383,22.3884,
25,8,131072,8192,layered,6144/6144/6144,graph,175,22.6381,13.9520,22.6872,22.6381,
25,8,131072,8192,layered,6144/6144/6144,graph,176,22.7440,13.9520,22.7931,22.7440,
25,8,131072,8192,layered,6144/6144/6144,graph,177,23.0227,14.2266,23.0701,23.0227,
25,8,131072,8192,layered,6144/6144/6144,graph,178,18.7262,14.4693,18.7709,18.7262,
25,8,131072,8192,layered,6144/6144/6144,graph,179,23.1520,14.2266,23.2000,23.1520,
25,8,131072,8192,layered,6144/6144/6144,graph,180,23.0478,14.2266,23.0939,23.0478,
25,8,131072,8192,layered,6144/6144/6144,graph,181,22.8449,13.9520,22.8919,22.8449,
25,8,131072,8192,layered,6144/6144/6144,graph,182,22.8474,13.6774,22.8950,22.8474,
25,8,131072,8192,layered,6144/6144/6144,graph,183,23.0606,14.5012,23.1084,23.0606,
25,8,131072,8192,layered,6144/6144/6144,graph,184,23.0363,13.6774,23.0895,23.0363,
25,8,131072,8192,layered,6144/6144/6144,graph,185,22.6995,14.5012,22.7461,22.6995,
25,8,131072,8192,layered,6144/6144/6144,graph,186,17.9515,14.1947,17.9964,17.9515,
25,8,131072,8192,layered,6144/6144/6144,graph,187,22.7233,14.5012,22.7825,22.7233,
25,8,131072,8192,layered,6144/6144/6144,graph,188,20.1905,14.7439,20.2416,20.1905,
25,8,131072,8192,layered,6144/6144/6144,graph,189,23.0367,14.5012,23.0875,23.0367,
25,8,131072,8192,layered,6144/6144/6144,graph,190,22.6571,13.6774,22.7067,22.6571,
25,8,131072,8192,layered,6144/6144/6144,graph,191,23.0631,14.5012,23.1116,23.0631,
25,8,131072,8192,layered,6144/6144/6144,graph,192,22.9450,13.6774,22.9929,22.9450,
25,8,131072,8192,layered,6144/6144/6144,graph,193,22.7426,14.5012,22.7918,22.7426,
25,8,131072,8192,layered,6144/6144/6144,graph,194,22.5174,13.9520,22.5650,22.5174,
25,8,131072,8192,layered,6144/6144/6144,graph,195,18.6564,14.4693,19.9270,18.6564,
25,8,131072,8192,layered,6144/6144/6144,graph,196,23.0389,14.2266,23.0880,23.0389,
25,8,131072,8192,layered,6144/6144/6144,graph,197,23.2967,14.2266,23.3472,23.2967,
25,8,131072,8192,layered,6144/6144/6144,graph,198,22.3344,13.9520,22.3839,22.3344,
25,8,131072,8192,layered,6144/6144/6144,graph,199,23.2344,14.2266,23.2828,23.2344,
25,8,131072,8192,layered,1024/1024/1024,graph,0,24.3720,17.8917,24.4200,24.3720,
25,8,131072,8192,layered,1024/1024/1024,graph,1,24.3634,17.0998,24.4092,24.3634,
25,8,131072,8192,layered,1024/1024/1024,graph,2,24.3480,17.0998,24.3949,24.3480,
25,8,131072,8192,layered,1024/1024/1024,graph,3,24.3073,17.8917,24.3505,24.3073,
25,8,131072,8192,layered,1024/1024/1024,graph,4,24.4280,17.6171,24.4722,24.4280,
25,8,131072,8192,layered,1024/1024/1024,graph,5,24.4502,16.8252,24.4951,24.4502,
25,8,131072,8192,layered,1024/1024/1024,graph,6,24.3557,17.0998,24.3999,24.3557,
25,8,131072,8192,layered,1024/1024/1024,graph,7,24.4146,17.6171,24.4574,24.4146,
25,8,131072,8192,layered,1024/1024/1024,graph,8,24.2200,17.3744,24.2655,24.2200,
25,8,131072,8192,layered,1024/1024/1024,graph,9,24.4684,16.5506,24.5132,24.4684,
25,8,131072,8192,layered,1024/1024/1024,graph,10,24.1224,17.0998,24.1679,24.1224,
25,8,131072,8192,layered,1024/1024/1024,graph,11,24.4509,17.8917,24.4955,24.4509,
25,8,131072,8192,layered,1024/1024/1024,graph,12,24.2872,17.8917,24.3305,24.2872,
25,8,131072,8192,layered,1024/1024/1024,graph,13,24.4029,17.8917,24.4484,24.4029,
25,8,131072,8192,layered,1024/1024/1024,graph,14,24.5057,17.0998,24.5513,24.5057,
25,8,131072,8192,layered,1024/1024/1024,graph,15,24.2938,17.0679,24.3444,24.2938,
25,8,131072,8192,layered,1024/1024/1024,graph,16,24.0164,18.1663,24.0672,24.0164,
25,8,131072,8192,layered,1024/1024/1024,graph,17,24.4434,16.8252,24.4927,24.4434,
25,8,131072,8192,layered,1024/1024/1024,graph,18,24.4956,17.0998,24.5413,24.4956,
25,8,131072,8192,layered,1024/1024/1024,graph,19,24.1964,17.0679,24.2426,24.1964,
25,8,131072,8192,layered,1024/1024/1024,graph,20,24.3956,17.3744,24.4419,24.3956,
25,8,131072,8192,layered,1024/1024/1024,graph,21,23.9268,17.6171,23.9716,23.9268,
25,8,131072,8192,layered,1024/1024/1024,graph,22,24.5189,17.3744,24.5731,24.5189,
25,8,131072,8192,layered,1024/1024/1024,graph,23,23.9498,17.3425,23.9979,23.9498,
25,8,131072,8192,layered,1024/1024/1024,graph,24,24.2774,18.4409,24.3290,24.2774,
25,8,131072,8192,layered,1024/1024/1024,graph,25,24.3526,16.5506,24.3998,24.3526,
25,8,131072,8192,layered,1024/1024/1024,graph,26,24.3311,17.0998,24.3804,24.3311,
25,8,131072,8192,layered,1024/1024/1024,graph,27,24.4107,17.3425,24.4559,24.4107,
25,8,131072,8192,layered,1024/1024/1024,graph,28,23.9006,18.1663,23.9454,23.9006,
25,8,131072,8192,layered,1024/1024/1024,graph,29,24.3671,17.3425,24.4124,24.3671,
25,8,131072,8192,layered,1024/1024/1024,graph,30,24.2816,17.3744,24.3301,24.2816,
25,8,131072,8192,layered,1024/1024/1024,graph,31,24.4414,17.3425,24.4868,24.4414,
25,8,131072,8192,layered,1024/1024/1024,graph,32,24.1868,17.0998,24.2359,24.1868,
25,8,131072,8192,layered,1024/1024/1024,graph,33,24.5031,17.0679,24.5474,24.5031,
25,8,131072,8192,layered,1024/1024/1024,graph,34,24.1018,17.3744,24.1480,24.1018,
25,8,131072,8192,layered,1024/1024/1024,graph,35,24.2341,17.0679,24.2821,24.2341,
25,8,131072,8192,layered,1024/1024/1024,graph,36,24.2946,18.1663,24.3389,24.2946,
25,8,131072,8192,layered,1024/1024/1024,graph,37,24.5319,17.3425,24.5824,24.5319,
25,8,131072,8192,layered,1024/1024/1024,graph,38,24.4405,17.6490,24.4879,24.4405,
25,8,131072,8192,layered,1024/1024/1024,graph,39,24.2667,17.0679,24.3114,24.2667,
25,8,131072,8192,layered,1024/1024/1024,graph,40,24.4739,17.6490,24.5214,24.4739,
25,8,131072,8192,layered,1024/1024/1024,graph,41,24.2373,17.0679,24.2803,24.2373,
25,8,131072,8192,layered,1024/1024/1024,graph,42,24.5084,17.3744,24.5491,24.5084,
25,8,131072,8192,layered,1024/1024/1024,graph,43,24.2385,17.0679,24.2829,24.2385,
25,8,131072,8192,layered,1024/1024/1024,graph,44,24.4283,17.3744,24.4731,24.4283,
25,8,131072,8192,layered,1024/1024/1024,graph,45,24.1448,17.0679,24.1881,24.1448,
25,8,131072,8192,layered,1024/1024/1024,graph,46,24.5380,17.3744,24.5876,24.5380,
25,8,131072,8192,layered,1024/1024/1024,graph,47,24.1153,17.3425,24.1603,24.1153,
25,8,131072,8192,layered,1024/1024/1024,graph,48,24.5040,17.3744,24.5486,24.5040,
25,8,131072,8192,layered,1024/1024/1024,graph,49,24.3911,17.3425,24.4354,24.3911,
25,8,131072,8192,layered,1024/1024/1024,graph,50,24.3633,17.6490,24.4098,24.3633,
25,8,131072,8192,layered,1024/1024/1024,graph,51,24.3914,17.3425,24.4348,24.3914,
25,8,131072,8192,layered,1024/1024/1024,graph,52,24.3946,17.6490,24.4411,24.3946,
25,8,131072,8192,layered,1024/1024/1024,graph,53,24.5061,16.7934,24.5485,24.5061,
25,8,131072,8192,layered,1024/1024/1024,graph,54,24.4195,17.6490,24.4683,24.4195,
25,8,131072,8192,layered,1024/1024/1024,graph,55,24.2527,16.7934,24.2980,24.2527,
25,8,131072,8192,layered,1024/1024/1024,graph,56,24.1388,17.0998,24.1843,24.1388,
25,8,131072,8192,layered,1024/1024/1024,graph,57,24.3287,16.2760,24.3747,24.3287,
25,8,131072,8192,layered,1024/1024/1024,graph,58,24.2075,17.6490,24.2531,24.2075,
25,8,131072,8192,layered,1024/1024/1024,graph,59,24.3301,17.0679,24.3747,24.3301,
25,8,131072,8192,layered,1024/1024/1024,graph,60,23.9942,17.3744,24.0446,23.9942,
25,8,131072,8192,layered,1024/1024/1024,graph,61,24.0290,17.3425,24.0762,24.0290,
25,8,131072,8192,layered,1024/1024/1024,graph,62,24.3704,17.3744,24.4230,24.3704,
25,8,131072,8192,layered,1024/1024/1024,graph,63,24.4383,17.3425,24.4856,24.4383,
25,8,131072,8192,layered,1024/1024/1024,graph,64,24.4246,17.3744,24.4731,24.4246,
25,8,131072,8192,layered,1024/1024/1024,graph,65,24.4629,16.2760,24.5068,24.4629,
25,8,131072,8192,layered,1024/1024/1024,graph,66,24.3828,17.3744,24.4350,24.3828,
25,8,131072,8192,layered,1024/1024/1024,graph,67,23.9553,16.7934,24.0043,23.9553,
25,8,131072,8192,layered,1024/1024/1024,graph,68,24.3923,17.6490,24.4408,24.3923,
25,8,131072,8192,layered,1024/1024/1024,graph,69,24.1799,16.2760,24.2260,24.1799,
25,8,131072,8192,layered,1024/1024/1024,graph,70,24.3083,17.0998,24.3523,24.3083,
25,8,131072,8192,layered,1024/1024/1024,graph,71,23.0284,17.0679,23.0739,23.0284,
25,8,131072,8192,layered,1024/1024/1024,graph,72,24.4056,16.8252,24.4497,24.4056,
25,8,131072,8192,layered,1024/1024/1024,graph,73,24.0188,16.8252,24.0642,24.0188,
25,8,131072,8192,layered,1024/1024/1024,graph,74,24.2663,17.0998,24.3110,24.2663,
25,8,131072,8192,layered,1024/1024/1024,graph,75,22.8152,17.0679,22.8603,22.8152,
25,8,131072,8192,layered,1024/1024/1024,graph,76,24.4078,17.3744,24.4563,24.4078,
25,8,131072,8192,layered,1024/1024/1024,graph,77,24.3455,16.8252,24.3904,24.3455,
25,8,131072,8192,layered,1024/1024/1024,graph,78,24.3501,16.8252,24.3958,24.3501,
25,8,131072,8192,layered,1024/1024/1024,graph,79,23.5887,17.3425,23.6338,23.5887,
25,8,131072,8192,layered,1024/1024/1024,graph,80,24.3350,16.8252,24.3800,24.3350,
25,8,131072,8192,layered,1024/1024/1024,graph,81,23.6648,17.3425,23.7091,23.6648,
25,8,131072,8192,layered,1024/1024/1024,graph,82,24.1292,16.8252,24.1732,24.1292,
25,8,131072,8192,layered,1024/1024/1024,graph,83,24.4624,16.8252,24.5081,24.4624,
25,8,131072,8192,layered,1024/1024/1024,graph,84,24.2479,17.0998,24.2933,24.2479,
25,8,131072,8192,layered,1024/1024/1024,graph,85,23.8681,17.3425,23.9110,23.8681,
25,8,131072,8192,layered,1024/1024/1024,graph,86,24.1239,17.3744,24.1680,24.1239,
25,8,131072,8192,layered,1024/1024/1024,graph,87,24.5007,17.3425,24.5456,24.5007,
25,8,131072,8192,layered,1024/1024/1024,graph,88,24.4423,17.3744,24.4874,24.4423,
25,8,131072,8192,layered,1024/1024/1024,graph,89,24.3126,17.6171,24.3567,24.3126,
25,8,131072,8192,layered,1024/1024/1024,graph,90,24.4267,17.6490,24.4729,24.4267,
25,8,131072,8192,layered,1024/1024/1024,graph,91,24.3948,16.2760,24.4430,24.3948,
25,8,131072,8192,layered,1024/1024/1024,graph,92,24.4835,17.0998,24.5292,24.4835,
25,8,131072,8192,layered,1024/1024/1024,graph,93,24.0856,16.7934,24.1286,24.0856,
25,8,131072,8192,layered,1024/1024/1024,graph,94,24.4446,17.9235,24.4916,24.4446,
25,8,131072,8192,layered,1024/1024/1024,graph,95,24.1060,17.0679,24.1489,24.1060,
25,8,131072,8192,layered,1024/1024/1024,graph,96,23.6501,18.1663,23.6951,23.6501,
25,8,131072,8192,layered,1024/1024/1024,graph,97,24.1227,17.0679,24.1675,24.1227,
25,8,131072,8192,layered,1024/1024/1024,graph,98,24.4988,17.6490,24.5433,24.4988,
25,8,131072,8192,layered,1024/1024/1024,graph,99,23.8742,17.0679,23.9196,23.8742,
25,8,131072,8192,layered,1024/1024/1024,graph,100,24.4134,17.6490,24.4702,24.4134,
25,8,131072,8192,layered,1024/1024/1024,graph,101,24.3665,16.7934,24.4118,24.3665,
25,8,131072,8192,layered,1024/1024/1024,graph,102,24.3962,17.9235,24.4429,24.3962,
25,8,131072,8192,layered,1024/1024/1024,graph,103,24.3026,16.5188,24.3496,24.3026,
25,8,131072,8192,layered,1024/1024/1024,graph,104,24.3238,17.9235,24.3702,24.3238,
25,8,131072,8192,layered,1024/1024/1024,graph,105,24.2224,17.0679,24.2678,24.2224,
25,8,131072,8192,layered,1024/1024/1024,graph,106,24.3179,17.9235,24.3639,24.3179,
25,8,131072,8192,layered,1024/1024/1024,graph,107,24.3626,16.7934,24.4083,24.3626,
25,8,131072,8192,layered,1024/1024/1024,graph,108,24.2988,18.4727,24.3486,24.2988,
25,8,131072,8192,layered,1024/1024/1024,graph,109,24.4334,17.0679,24.4810,24.4334,
25,8,131072,8192,layered,1024/1024/1024,graph,110,24.1741,17.6490,24.2184,24.1741,
25,8,131072,8192,layered,1024/1024/1024,graph,111,24.4303,17.0679,24.4751,24.4303,
25,8,131072,8192,layered,1024/1024/1024,graph,112,24.1283,17.9235,24.1739,24.1283,
25,8,131072,8192,layered,1024/1024/1024,graph,113,24.4036,16.7934,24.4496,24.4036,
25,8,131072,8192,layered,1024/1024/1024,graph,114,24.4028,17.9235,24.4481,24.4028,
25,8,131072,8192,layered,1024/1024/1024,graph,115,24.3547,16.5188,24.3979,24.3547,
25,8,131072,8192,layered,1024/1024/1024,graph,116,24.4039,17.9235,24.4597,24.4039,
25,8,131072,8192,layered,1024/1024/1024,graph,117,24.3714,17.3425,24.4160,24.3714,
25,8,131072,8192,layered,1024/1024/1024,graph,118,24.4107,17.3744,24.4632,24.4107,
25,8,131072,8192,layered,1024/1024/1024,graph,119,24.1594,17.0679,24.2045,24.1594,
25,8,131072,8192,layered,1024/1024/1024,graph,120,24.5129,17.9235,24.5601,24.5129,
25,8,131072,8192,layered,1024/1024/1024,graph,121,24.2664,16.7934,24.3117,24.2664,
25,8,131072,8192,layered,1024/1024/1024,graph,122,24.4473,17.9235,24.4952,24.4473,
25,8,131072,8192,layered,1024/1024/1024,graph,123,24.0698,16.7934,24.1139,24.0698,
25,8,131072,8192,layered,1024/1024/1024,graph,124,24.6132,17.9235,24.6591,24.6132,
25,8,131072,8192,layered,1024/1024/1024,graph,125,24.3648,17.3425,24.4096,24.3648,
25,8,131072,8192,layered,1024/1024/1024,graph,126,24.4452,17.3744,24.4960,24.4452,
25,8,131072,8192,layered,1024/1024/1024,graph,127,24.2557,16.7934,24.3071,24.2557,
25,8,131072,8192,layered,1024/1024/1024,graph,128,24.4646,17.3744,24.5122,24.4646,
25,8,131072,8192,layered,1024/1024/1024,graph,129,24.1500,17.3425,24.1974,24.1500,
25,8,131072,8192,layered,1024/1024/1024,graph,130,24.3780,17.3744,24.4250,24.3780,
25,8,131072,8192,layered,1024/1024/1024,graph,131,24.2814,17.0679,24.3255,24.2814,
25,8,131072,8192,layered,1024/1024/1024,graph,132,24.3223,17.9235,24.3688,24.3223,
25,8,131072,8192,layered,1024/1024/1024,graph,133,24.3834,16.5188,24.4348,24.3834,
25,8,131072,8192,layered,1024/1024/1024,graph,134,24.2108,17.9235,24.2613,24.2108,
25,8,131072,8192,layered,1024/1024/1024,graph,135,24.3438,16.7934,24.3912,24.3438,
25,8,131072,8192,layered,1024/1024/1024,graph,136,23.9729,17.6490,24.0198,23.9729,
25,8,131072,8192,layered,1024/1024/1024,graph,137,24.4760,17.0679,24.5211,24.4760,
25,8,131072,8192,layered,1024/1024/1024,graph,138,24.3286,17.6490,24.3742,24.3286,
25,8,131072,8192,layered,1024/1024/1024,graph,139,24.4064,16.5188,24.4539,24.4064,
25,8,131072,8192,layered,1024/1024/1024,graph,140,24.3489,17.9235,24.3952,24.3489,
25,8,131072,8192,layered,1024/1024/1024,graph,141,24.2505,17.0679,24.2941,24.2505,
25,8,131072,8192,layered,1024/1024/1024,graph,142,24.4356,17.6490,24.4810,24.4356,
25,8,131072,8192,layered,1024/1024/1024,graph,143,24.4166,16.5506,24.4631,24.4166,
25,8,131072,8192,layered,1024/1024/1024,graph,144,24.6151,17.0998,24.6603,24.6151,
25,8,131072,8192,layered,1024/1024/1024,graph,145,24.0527,17.6171,24.0974,24.0527,
25,8,131072,8192,layered,1024/1024/1024,graph,146,24.0597,17.8917,24.1051,24.0597,
25,8,131072,8192,layered,1024/1024/1024,graph,147,24.0161,17.6171,24.0598,24.0161,
25,8,131072,8192,layered,1024/1024/1024,graph,148,24.5026,17.0998,24.5484,24.5026,
25,8,131072,8192,layered,1024/1024/1024,graph,149,24.4020,17.8917,24.4473,24.4020,
25,8,131072,8192,layered,1024/1024/1024,graph,150,24.3988,16.8252,24.4454,24.3988,
25,8,131072,8192,layered,1024/1024/1024,graph,151,24.4459,16.2760,24.4895,24.4459,
25,8,131072,8192,layered,1024/1024/1024,graph,152,24.4732,17.6490,24.5207,24.4732,
25,8,131072,8192,layered,1024/1024/1024,graph,153,24.0500,17.0679,24.0958,24.0500,
25,8,131072,8192,layered,1024/1024/1024,graph,154,24.2960,17.6490,24.3419,24.2960,
25,8,131072,8192,layered,1024/1024/1024,graph,155,24.4690,16.5506,24.5158,24.4690,
25,8,131072,8192,layered,1024/1024/1024,graph,156,24.1851,17.0998,24.2556,24.1851,
25,8,131072,8192,layered,1024/1024/1024,graph,157,23.9078,17.0679,23.9532,23.9078,
25,8,131072,8192,layered,1024/1024/1024,graph,158,24.0790,17.6490,24.1237,24.0790,
25,8,131072,8192,layered,1024/1024/1024,graph,159,24.2837,17.0679,24.3266,24.2837,
25,8,131072,8192,layered,1024/1024/1024,graph,160,24.1784,17.3744,24.2227,24.1784,
25,8,131072,8192,layered,1024/1024/1024,graph,161,24.4507,16.2760,24.4965,24.4507,
25,8,131072,8192,layered,1024/1024/1024,graph,162,24.4813,17.6490,24.5272,24.4813,
25,8,131072,8192,layered,1024/1024/1024,graph,163,24.3299,16.2760,24.3763,24.3299,
25,8,131072,8192,layered,1024/1024/1024,graph,164,24.4435,16.8252,24.4886,24.4435,
25,8,131072,8192,layered,1024/1024/1024,graph,165,23.2396,17.0679,23.2863,23.2396,
25,8,131072,8192,layered,1024/1024/1024,graph,166,24.4670,17.3744,24.5119,24.4670,
25,8,131072,8192,layered,1024/1024/1024,graph,167,23.2909,16.7934,23.3358,23.2909,
25,8,131072,8192,layered,1024/1024/1024,graph,168,24.3403,17.6490,24.3852,24.3403,
25,8,131072,8192,layered,1024/1024/1024,graph,169,24.2297,16.2760,24.2733,24.2297,
25,8,131072,8192,layered,1024/1024/1024,graph,170,24.3708,17.0998,24.4147,24.3708,
25,8,131072,8192,layered,1024/1024/1024,graph,171,24.1628,16.8252,24.2089,24.1628,
25,8,131072,8192,layered,1024/1024/1024,graph,172,23.4271,17.0679,23.4726,23.4271,
25,8,131072,8192,layered,1024/1024/1024,graph,173,22.9699,17.3425,23.0204,22.9699,
25,8,131072,8192,layered,1024/1024/1024,graph,174,23.3726,17.0679,23.4203,23.3726,
25,8,131072,8192,layered,1024/1024/1024,graph,175,21.5447,17.8599,21.5910,21.5447,
25,8,131072,8192,layered,1024/1024/1024,graph,176,23.6335,17.0679,23.6800,23.6335,
25,8,131072,8192,layered,1024/1024/1024,graph,177,24.4202,17.0998,24.4670,24.4202,
25,8,131072,8192,layered,1024/1024/1024,graph,178,24.3909,16.8252,24.4384,24.3909,
25,8,131072,8192,layered,1024/1024/1024,graph,179,24.3718,16.5506,24.4260,24.3718,
25,8,131072,8192,layered,1024/1024/1024,graph,180,22.8743,17.0679,22.9234,22.8743,
25,8,131072,8192,layered,1024/1024/1024,graph,181,24.2973,17.3744,24.3442,24.2973,
25,8,131072,8192,layered,1024/1024/1024,graph,182,23.4571,17.0679,23.5053,23.4571,
25,8,131072,8192,layered,1024/1024/1024,graph,183,22.0360,18.1345,22.0859,22.0360,
25,8,131072,8192,layered,1024/1024/1024,graph,184,23.8437,17.0679,23.8885,23.8437,
25,8,131072,8192,layered,1024/1024/1024,graph,185,24.2582,17.0998,24.3066,24.2582,
25,8,131072,8192,layered,1024/1024/1024,graph,186,23.6864,17.3425,23.7316,23.6864,
25,8,131072,8192,layered,1024/1024/1024,graph,187,24.5479,17.0998,24.5919,24.5479,
25,8,131072,8192,layered,1024/1024/1024,graph,188,24.1175,16.8252,24.1612,24.1175,
25,8,131072,8192,layered,1024/1024/1024,graph,189,24.5467,17.0998,24.5921,24.5467,
25,8,131072,8192,layered,1024/1024/1024,graph,190,24.1005,17.6171,24.1454,24.1005,
25,8,131072,8192,layered,1024/1024/1024,graph,191,21.2172,18.3773,21.2619,21.2172,
25,8,131072,8192,layered,1024/1024/1024,graph,192,24.3758,17.0998,24.4247,24.3758,
25,8,131072,8192,layered,1024/1024/1024,graph,193,24.3536,17.0998,24.4020,24.3536,
25,8,131072,8192,layered,1024/1024/1024,graph,194,24.2485,17.0679,24.2956,24.2485,
25,8,131072,8192,layered,1024/1024/1024,graph,195,24.2341,17.3744,24.2797,24.2341,
25,8,131072,8192,layered,1024/1024/1024,graph,196,24.5215,16.5506,27.5971,24.5215,
25,8,131072,8192,layered,1024/1024/1024,graph,197,24.3143,16.8252,24.3639,24.3143,
25,8,131072,8192,layered,1024/1024/1024,graph,198,24.5451,17.0998,24.5905,24.5451,
25,8,131072,8192,layered,1024/1024/1024,graph,199,22.2234,17.8599,22.2676,22.2234,
25,8,131072,8192,layered,4096/4096/4096,graph,0,22.7460,15.0503,22.7905,22.7460,
25,8,131072,8192,layered,4096/4096/4096,graph,1,22.6678,15.0503,22.7134,22.6678,
25,8,131072,8192,layered,4096/4096/4096,graph,2,22.9390,15.0503,22.9858,22.9390,
25,8,131072,8192,layered,4096/4096/4096,graph,3,22.7768,15.0503,22.8270,22.7768,
25,8,131072,8192,layered,4096/4096/4096,graph,4,23.0081,15.0503,23.0530,23.0081,
25,8,131072,8192,layered,4096/4096/4096,graph,5,22.8812,15.0503,22.9277,22.8812,
25,8,131072,8192,layered,4096/4096/4096,graph,6,23.0627,15.0503,23.1095,23.0627,
25,8,131072,8192,layered,4096/4096/4096,graph,7,22.8995,15.0503,22.9461,22.8995,
25,8,131072,8192,layered,4096/4096/4096,graph,8,23.0572,15.0503,23.1035,23.0572,
25,8,131072,8192,layered,4096/4096/4096,graph,9,22.8651,15.0503,22.9098,22.8651,
25,8,131072,8192,layered,4096/4096/4096,graph,10,22.9194,15.0503,22.9698,22.9194,
25,8,131072,8192,layered,4096/4096/4096,graph,11,22.8002,15.0503,22.8467,22.8002,
25,8,131072,8192,layered,4096/4096/4096,graph,12,22.8468,15.0503,22.8962,22.8468,
25,8,131072,8192,layered,4096/4096/4096,graph,13,22.6994,15.0503,22.7452,22.6994,
25,8,131072,8192,layered,4096/4096/4096,graph,14,22.7918,15.0503,22.8388,22.7918,
25,8,131072,8192,layered,4096/4096/4096,graph,15,22.6045,15.0503,22.6509,22.6045,
25,8,131072,8192,layered,4096/4096/4096,graph,16,22.7533,15.0503,22.8000,22.7533,
25,8,131072,8192,layered,4096/4096/4096,graph,17,22.5942,15.0503,22.6411,22.5942,
25,8,131072,8192,layered,4096/4096/4096,graph,18,22.7887,15.0503,22.8414,22.7887,
25,8,131072,8192,layered,4096/4096/4096,graph,19,22.6613,15.0503,22.7163,22.6613,
25,8,131072,8192,layered,4096/4096/4096,graph,20,22.8302,15.0503,22.8813,22.8302,
25,8,131072,8192,layered,4096/4096/4096,graph,21,22.6802,15.0503,22.7338,22.6802,
25,8,131072,8192,layered,4096/4096/4096,graph,22,22.9371,15.0503,22.9848,22.9371,
25,8,131072,8192,layered,4096/4096/4096,graph,23,22.7302,15.0503,22.7775,22.7302,
25,8,131072,8192,layered,4096/4096/4096,graph,24,22.9639,15.0503,23.0217,22.9639,
25,8,131072,8192,layered,4096/4096/4096,graph,25,22.7722,15.0503,22.8183,22.7722,
25,8,131072,8192,layered,4096/4096/4096,graph,26,22.9658,15.0503,23.0121,22.9658,
25,8,131072,8192,layered,4096/4096/4096,graph,27,22.8523,15.0503,22.9138,22.8523,
25,8,131072,8192,layered,4096/4096/4096,graph,28,23.0386,15.0503,23.0862,23.0386,
25,8,131072,8192,layered,4096/4096/4096,graph,29,22.9072,15.0503,22.9564,22.9072,
25,8,131072,8192,layered,4096/4096/4096,graph,30,23.0727,15.0503,23.1206,23.0727,
25,8,131072,8192,layered,4096/4096/4096,graph,31,22.9483,15.0503,23.0021,22.9483,
25,8,131072,8192,layered,4096/4096/4096,graph,32,23.1317,15.0503,23.1835,23.1317,
25,8,131072,8192,layered,4096/4096/4096,graph,33,22.9676,15.0503,23.0152,22.9676,
25,8,131072,8192,layered,4096/4096/4096,graph,34,23.0821,15.0503,23.1291,23.0821,
25,8,131072,8192,layered,4096/4096/4096,graph,35,22.9060,15.0503,22.9517,22.9060,
25,8,131072,8192,layered,4096/4096/4096,graph,36,23.0728,15.0503,23.1200,23.0728,
25,8,131072,8192,layered,4096/4096/4096,graph,37,22.8515,15.0503,22.8981,22.8515,
25,8,131072,8192,layered,4096/4096/4096,graph,38,23.0292,15.0503,23.0825,23.0292,
25,8,131072,8192,layered,4096/4096/4096,graph,39,22.8373,15.0503,22.8860,22.8373,
25,8,131072,8192,layered,4096/4096/4096,graph,40,22.9372,15.0503,22.9832,22.9372,
25,8,131072,8192,layered,4096/4096/4096,graph,41,22.7505,15.0503,22.7972,22.7505,
25,8,131072,8192,layered,4096/4096/4096,graph,42,22.9350,15.0503,22.9774,22.9350,
25,8,131072,8192,layered,4096/4096/4096,graph,43,22.7011,15.0503,22.7463,22.7011,
25,8,131072,8192,layered,4096/4096/4096,graph,44,22.9022,15.0503,22.9476,22.9022,
25,8,131072,8192,layered,4096/4096/4096,graph,45,22.6919,15.0503,22.7386,22.6919,
25,8,131072,8192,layered,4096/4096/4096,graph,46,22.8443,15.0503,22.8912,22.8443,
25,8,131072,8192,layered,4096/4096/4096,graph,47,22.7178,15.0503,22.7627,22.7178,
25,8,131072,8192,layered,4096/4096/4096,graph,48,22.8901,15.0503,22.9352,22.8901,
25,8,131072,8192,layered,4096/4096/4096,graph,49,22.6908,15.0503,22.7396,22.6908,
25,8,131072,8192,layered,4096/4096/4096,graph,50,22.8904,15.0503,22.9378,22.8904,
25,8,131072,8192,layered,4096/4096/4096,graph,51,22.6842,15.0503,22.7365,22.6842,
25,8,131072,8192,layered,4096/4096/4096,graph,52,22.8743,15.0503,22.9219,22.8743,
25,8,131072,8192,layered,4096/4096/4096,graph,53,22.7140,15.0503,22.7602,22.7140,
25,8,131072,8192,layered,4096/4096/4096,graph,54,22.8120,15.0503,22.8632,22.8120,
25,8,131072,8192,layered,4096/4096/4096,graph,55,22.6770,15.0503,22.7237,22.6770,
25,8,131072,8192,layered,4096/4096/4096,graph,56,22.7851,15.0503,22.8353,22.7851,
25,8,131072,8192,layered,4096/4096/4096,graph,57,22.6458,15.0503,22.6958,22.6458,
25,8,131072,8192,layered,4096/4096/4096,graph,58,22.8166,15.0503,22.8657,22.8166,
25,8,131072,8192,layered,4096/4096/4096,graph,59,22.5967,15.0503,22.6441,22.5967,
25,8,131072,8192,layered,4096/4096/4096,graph,60,22.7842,15.0503,22.8297,22.7842,
25,8,131072,8192,layered,4096/4096/4096,graph,61,22.5604,15.0503,22.6058,22.5604,
25,8,131072,8192,layered,4096/4096/4096,graph,62,22.8092,15.0503,22.8547,22.8092,
25,8,131072,8192,layered,4096/4096/4096,graph,63,22.1888,14.7758,22.2342,22.1888,
25,8,131072,8192,layered,4096/4096/4096,graph,64,21.6139,14.7758,21.6589,21.6139,
25,8,131072,8192,layered,4096/4096/4096,graph,65,21.0331,14.5012,21.0825,21.0331,
25,8,131072,8192,layered,4096/4096/4096,graph,66,20.5464,14.5012,20.5915,20.5464,
25,8,131072,8192,layered,4096/4096/4096,graph,67,22.7380,13.7092,22.7861,22.7380,
25,8,131072,8192,layered,4096/4096/4096,graph,68,19.7275,13.9520,19.7716,19.7275,
25,8,131072,8192,layered,4096/4096/4096,graph,69,19.8602,14.5012,19.9057,19.8602,
25,8,131072,8192,layered,4096/4096/4096,graph,70,20.0012,14.2266,20.0469,20.0012,
25,8,131072,8192,layered,4096/4096/4096,graph,71,20.3462,14.7758,20.3912,20.3462,
25,8,131072,8192,layered,4096/4096/4096,graph,72,21.1653,14.5012,21.2104,21.1653,
25,8,131072,8192,layered,4096/4096/4096,graph,73,21.4745,15.0503,21.5201,21.4745,
25,8,131072,8192,layered,4096/4096/4096,graph,74,22.3837,14.7758,22.4301,22.3837,
25,8,131072,8192,layered,4096/4096/4096,graph,75,22.0967,15.0503,22.1415,22.0967,
25,8,131072,8192,layered,4096/4096/4096,graph,76,23.0277,15.0503,23.0755,23.0277,
25,8,131072,8192,layered,4096/4096/4096,graph,77,23.0306,15.0503,23.0755,23.0306,
25,8,131072,8192,layered,4096/4096/4096,graph,78,22.8978,15.0503,22.9437,22.8978,
25,8,131072,8192,layered,4096/4096/4096,graph,79,23.0495,15.0503,23.1005,23.0495,
25,8,131072,8192,layered,4096/4096/4096,graph,80,22.8548,15.0503,22.9270,22.8548,
25,8,131072,8192,layered,4096/4096/4096,graph,81,23.0465,15.0503,23.0921,23.0465,
25,8,131072,8192,layered,4096/4096/4096,graph,82,22.7819,15.0503,22.8286,22.7819,
25,8,131072,8192,layered,4096/4096/4096,graph,83,22.8277,15.0503,22.8741,22.8277,
25,8,131072,8192,layered,4096/4096/4096,graph,84,22.8446,15.0503,22.8903,22.8446,
25,8,131072,8192,layered,4096/4096/4096,graph,85,22.9166,15.0503,22.9627,22.9166,
25,8,131072,8192,layered,4096/4096/4096,graph,86,22.5779,15.0503,22.6240,22.5779,
25,8,131072,8192,layered,4096/4096/4096,graph,87,22.8357,15.0503,22.8815,22.8357,
25,8,131072,8192,layered,4096/4096/4096,graph,88,22.5284,15.0503,22.5738,22.5284,
25,8,131072,8192,layered,4096/4096/4096,graph,89,22.7802,15.0503,22.8267,22.7802,
25,8,131072,8192,layered,4096/4096/4096,graph,90,22.6032,15.0503,22.6499,22.6032,
25,8,131072,8192,layered,4096/4096/4096,graph,91,22.5444,15.0503,22.5891,22.5444,
25,8,131072,8192,layered,4096/4096/4096,graph,92,22.7868,15.0503,22.8331,22.7868,
25,8,131072,8192,layered,4096/4096/4096,graph,93,22.8159,15.0503,22.8609,22.8159,
25,8,131072,8192,layered,4096/4096/4096,graph,94,22.6597,15.0503,22.7054,22.6597,
25,8,131072,8192,layered,4096/4096/4096,graph,95,22.7887,15.0503,22.8382,22.7887,
25,8,131072,8192,layered,4096/4096/4096,graph,96,22.7875,15.0503,22.8338,22.7875,
25,8,131072,8192,layered,4096/4096/4096,graph,97,22.8518,15.0503,22.8972,22.8518,
25,8,131072,8192,layered,4096/4096/4096,graph,98,22.8132,15.0503,22.8590,22.8132,
25,8,131072,8192,layered,4096/4096/4096,graph,99,22.8081,15.0503,22.8533,22.8081,
25,8,131072,8192,layered,4096/4096/4096,graph,100,23.0756,15.0503,23.1216,23.0756,
25,8,131072,8192,layered,4096/4096/4096,graph,101,23.0115,15.0503,23.0574,23.0115,
25,8,131072,8192,layered,4096/4096/4096,graph,102,22.9137,15.0503,22.9593,22.9137,
25,8,131072,8192,layered,4096/4096/4096,graph,103,23.0797,15.0503,23.1249,23.0797,
25,8,131072,8192,layered,4096/4096/4096,graph,104,22.7611,15.0503,22.8069,22.7611,
25,8,131072,8192,layered,4096/4096/4096,graph,105,23.0370,15.0503,23.0830,23.0370,
25,8,131072,8192,layered,4096/4096/4096,graph,106,22.7325,15.0503,22.7791,22.7325,
25,8,131072,8192,layered,4096/4096/4096,graph,107,22.7998,15.0503,22.8433,22.7998,
25,8,131072,8192,layered,4096/4096/4096,graph,108,22.7384,15.0503,22.7860,22.7384,
25,8,131072,8192,layered,4096/4096/4096,graph,109,22.8915,15.0503,22.9380,22.8915,
25,8,131072,8192,layered,4096/4096/4096,graph,110,22.5720,15.0503,22.6204,22.5720,
25,8,131072,8192,layered,4096/4096/4096,graph,111,22.7380,15.0503,22.7839,22.7380,
25,8,131072,8192,layered,4096/4096/4096,graph,112,22.6498,15.0503,22.6953,22.6498,
25,8,131072,8192,layered,4096/4096/4096,graph,113,22.7493,15.0503,22.7940,22.7493,
25,8,131072,8192,layered,4096/4096/4096,graph,114,22.6458,15.0503,22.6911,22.6458,
25,8,131072,8192,layered,4096/4096/4096,graph,115,22.6676,15.0503,22.7164,22.6676,
25,8,131072,8192,layered,4096/4096/4096,graph,116,22.9112,15.0503,22.9595,22.9112,
25,8,131072,8192,layered,4096/4096/4096,graph,117,22.8230,15.0503,22.8685,22.8230,
25,8,131072,8192,layered,4096/4096/4096,graph,118,22.7860,15.0503,22.8321,22.7860,
25,8,131072,8192,layered,4096/4096/4096,graph,119,22.9060,15.0503,22.9522,22.9060,
25,8,131072,8192,layered,4096/4096/4096,graph,120,22.8406,15.0503,22.8859,22.8406,
25,8,131072,8192,layered,4096/4096/4096,graph,121,22.9434,15.0503,22.9891,22.9434,
25,8,131072,8192,layered,4096/4096/4096,graph,122,22.9252,15.0503,22.9758,22.9252,
25,8,131072,8192,layered,4096/4096/4096,graph,123,22.8556,15.0503,22.9047,22.8556,
25,8,131072,8192,layered,4096/4096/4096,graph,124,23.0620,15.0503,23.1101,23.0620,
25,8,131072,8192,layered,4096/4096/4096,graph,125,23.0808,15.0503,23.1258,23.0808,
25,8,131072,8192,layered,4096/4096/4096,graph,126,22.9431,15.0503,22.9880,22.9431,
25,8,131072,8192,layered,4096/4096/4096,graph,127,23.1330,15.0503,23.1784,23.1330,
25,8,131072,8192,layered,4096/4096/4096,graph,128,22.9621,15.0503,23.0090,22.9621,
25,8,131072,8192,layered,4096/4096/4096,graph,129,23.1119,15.0503,23.1583,23.1119,
25,8,131072,8192,layered,4096/4096/4096,graph,130,22.8737,15.0503,22.9216,22.8737,
25,8,131072,8192,layered,4096/4096/4096,graph,131,22.4186,14.7758,22.4743,22.4186,
25,8,131072,8192,layered,4096/4096/4096,graph,132,22.2852,15.0503,22.3318,22.2852,
25,8,131072,8192,layered,4096/4096/4096,graph,133,22.6118,14.7758,22.6579,22.6118,
25,8,131072,8192,layered,4096/4096/4096,graph,134,22.0878,15.0503,22.1345,22.0878,
25,8,131072,8192,layered,4096/4096/4096,graph,135,22.5170,14.7758,22.5629,22.5170,
25,8,131072,8192,layered,4096/4096/4096,graph,136,21.9228,15.0503,21.9695,21.9228,
25,8,131072,8192,layered,4096/4096/4096,graph,137,22.9533,15.0503,22.9992,22.9533,
25,8,131072,8192,layered,4096/4096/4096,graph,138,22.6637,15.0503,22.7098,22.6637,
25,8,131072,8192,layered,4096/4096/4096,graph,139,22.7532,15.0503,22.7992,22.7532,
25,8,131072,8192,layered,4096/4096/4096,graph,140,22.8652,15.0503,22.9118,22.8652,
25,8,131072,8192,layered,4096/4096/4096,graph,141,22.8627,15.0503,22.9082,22.8627,
25,8,131072,8192,layered,4096/4096/4096,graph,142,22.7118,15.0503,22.7571,22.7118,
25,8,131072,8192,layered,4096/4096/4096,graph,143,22.8737,15.0503,22.9203,22.8737,
25,8,131072,8192,layered,4096/4096/4096,graph,144,22.6790,15.0503,22.7259,22.6790,
25,8,131072,8192,layered,4096/4096/4096,graph,145,22.9011,15.0503,22.9488,22.9011,
25,8,131072,8192,layered,4096/4096/4096,graph,146,22.6975,15.0503,22.7446,22.6975,
25,8,131072,8192,layered,4096/4096/4096,graph,147,22.7380,15.0503,22.7847,22.7380,
25,8,131072,8192,layered,4096/4096/4096,graph,148,22.8367,15.0503,22.8922,22.8367,
25,8,131072,8192,layered,4096/4096/4096,graph,149,22.8668,15.0503,22.9250,22.8668,
25,8,131072,8192,layered,4096/4096/4096,graph,150,22.6677,15.0503,22.7142,22.6677,
25,8,131072,8192,layered,4096/4096/4096,graph,151,22.8167,15.0503,22.8735,22.8167,
25,8,131072,8192,layered,4096/4096/4096,graph,152,22.6540,15.0503,22.7051,22.6540,
25,8,131072,8192,layered,4096/4096/4096,graph,153,22.8526,15.0503,22.8997,22.8526,
25,8,131072,8192,layered,4096/4096/4096,graph,154,22.5906,15.0503,22.6371,22.5906,
25,8,131072,8192,layered,4096/4096/4096,graph,155,22.6587,15.0503,22.7048,22.6587,
25,8,131072,8192,layered,4096/4096/4096,graph,156,22.7433,15.0503,22.7898,22.7433,
25,8,131072,8192,layered,4096/4096/4096,graph,157,22.3272,14.7758,22.3777,22.3272,
25,8,131072,8192,layered,4096/4096/4096,graph,158,21.9288,15.0503,21.9744,21.9288,
25,8,131072,8192,layered,4096/4096/4096,graph,159,21.8757,14.5012,21.9208,21.8757,
25,8,131072,8192,layered,4096/4096/4096,graph,160,20.8237,14.7758,20.8700,20.8237,
25,8,131072,8192,layered,4096/4096/4096,graph,161,20.7664,14.2266,20.8158,20.7664,
25,8,131072,8192,layered,4096/4096/4096,graph,162,22.7504,13.7092,22.7997,22.7504,
25,8,131072,8192,layered,4096/4096/4096,graph,163,20.0109,14.2266,20.0624,20.0109,
25,8,131072,8192,layered,4096/4096/4096,graph,164,22.7249,13.9838,22.7729,22.7249,
25,8,131072,8192,layered,4096/4096/4096,graph,165,20.8385,14.2266,20.8835,20.8385,
25,8,131072,8192,layered,4096/4096/4096,graph,166,20.8786,14.7758,20.9237,20.8786,
25,8,131072,8192,layered,4096/4096/4096,graph,167,21.8090,14.7758,21.8538,21.8090,
25,8,131072,8192,layered,4096/4096/4096,graph,168,22.0803,15.0503,22.1301,22.0803,
25,8,131072,8192,layered,4096/4096/4096,graph,169,22.9934,15.0503,23.0411,22.9934,
25,8,131072,8192,layered,4096/4096/4096,graph,170,22.8457,15.0503,22.8930,22.8457,
25,8,131072,8192,layered,4096/4096/4096,graph,171,23.0861,15.0503,23.1334,23.0861,
25,8,131072,8192,layered,4096/4096/4096,graph,172,22.9216,15.0503,22.9649,22.9216,
25,8,131072,8192,layered,4096/4096/4096,graph,173,23.1078,15.0503,23.1682,23.1078,
25,8,131072,8192,layered,4096/4096/4096,graph,174,22.8799,15.0503,22.9277,22.8799,
25,8,131072,8192,layered,4096/4096/4096,graph,175,22.9807,15.0503,23.0283,22.9807,
25,8,131072,8192,layered,4096/4096/4096,graph,176,22.8197,15.0503,22.8662,22.8197,
25,8,131072,8192,layered,4096/4096/4096,graph,177,22.9377,15.0503,22.9850,22.9377,
25,8,131072,8192,layered,4096/4096/4096,graph,178,22.7270,15.0503,22.7838,22.7270,
25,8,131072,8192,layered,4096/4096/4096,graph,179,22.8612,15.0503,22.9092,22.8612,
25,8,131072,8192,layered,4096/4096/4096,graph,180,22.6300,15.0503,22.6864,22.6300,
25,8,131072,8192,layered,4096/4096/4096,graph,181,22.7756,15.0503,22.8317,22.7756,
25,8,131072,8192,layered,4096/4096/4096,graph,182,22.6012,15.0503,22.6486,22.6012,
25,8,131072,8192,layered,4096/4096/4096,graph,183,22.7102,15.0503,22.7567,22.7102,
25,8,131072,8192,layered,4096/4096/4096,graph,184,22.5555,15.0503,22.6018,22.5555,
25,8,131072,8192,layered,4096/4096/4096,graph,185,22.7559,15.0503,22.8015,22.7559,
25,8,131072,8192,layered,4096/4096/4096,graph,186,22.5506,15.0503,22.5999,22.5506,
25,8,131072,8192,layered,4096/4096/4096,graph,187,22.7908,15.0503,22.8409,22.7908,
25,8,131072,8192,layered,4096/4096/4096,graph,188,22.6075,15.0503,22.6538,22.6075,
25,8,131072,8192,layered,4096/4096/4096,graph,189,22.8061,15.0503,22.8517,22.8061,
25,8,131072,8192,layered,4096/4096/4096,graph,190,22.6944,15.0503,22.7397,22.6944,
25,8,131072,8192,layered,4096/4096/4096,graph,191,22.9224,15.0503,22.9691,22.9224,
25,8,131072,8192,layered,4096/4096/4096,graph,192,22.7659,15.0503,22.8128,22.7659,
25,8,131072,8192,layered,4096/4096/4096,graph,193,23.0347,15.0503,23.0841,23.0347,
25,8,131072,8192,layered,4096/4096/4096,graph,194,22.8411,15.0503,22.8859,22.8411,
25,8,131072,8192,layered,4096/4096/4096,graph,195,23.0712,15.0503,23.1153,23.0712,
25,8,131072,8192,layered,4096/4096/4096,graph,196,22.8982,15.0503,22.9536,22.8982,
25,8,131072,8192,layered,4096/4096/4096,graph,197,23.0628,15.0503,23.1085,23.0628,
25,8,131072,8192,layered,4096/4096/4096,graph,198,22.8827,15.0503,22.9284,22.8827,
25,8,131072,8192,layered,4096/4096/4096,graph,199,22.9306,15.0503,22.9763,22.9306,
25,8,131072,8192,layered,1536/1536/1536,graph,0,23.2974,15.1140,23.3492,23.2974,
25,8,131072,8192,layered,1536/1536/1536,graph,1,23.4432,15.6632,23.4926,23.4432,
25,8,131072,8192,layered,1536/1536/1536,graph,2,23.3507,16.7297,23.3975,23.3507,
25,8,131072,8192,layered,1536/1536/1536,graph,3,23.7040,15.6632,23.7500,23.7040,
25,8,131072,8192,layered,1536/1536/1536,graph,4,23.5494,15.1140,23.5973,23.5494,
25,8,131072,8192,layered,1536/1536/1536,graph,5,23.4205,15.9378,23.4685,23.4205,
25,8,131072,8192,layered,1536/1536/1536,graph,6,23.5922,16.4551,23.6365,23.5922,
25,8,131072,8192,layered,1536/1536/1536,graph,7,23.6042,16.2124,23.6569,23.6042,
25,8,131072,8192,layered,1536/1536/1536,graph,8,22.9996,14.8394,23.0494,22.9996,
25,8,131072,8192,layered,1536/1536/1536,graph,9,23.7468,15.3886,23.7949,23.7468,
25,8,131072,8192,layered,1536/1536/1536,graph,10,22.9650,16.7297,23.0096,22.9650,
25,8,131072,8192,layered,1536/1536/1536,graph,11,23.8675,15.6632,23.9143,23.8675,
25,8,131072,8192,layered,1536/1536/1536,graph,12,23.5036,15.6632,23.5520,23.5036,
25,8,131072,8192,layered,1536/1536/1536,graph,13,22.9857,16.4551,23.0299,22.9857,
25,8,131072,8192,layered,1536/1536/1536,graph,14,22.5938,17.0043,22.6391,22.5938,
25,8,131072,8192,layered,1536/1536/1536,graph,15,23.1203,16.4551,23.1697,23.1203,
25,8,131072,8192,layered,1536/1536/1536,graph,16,23.4305,15.6632,23.4775,23.4305,
25,8,131072,8192,layered,1536/1536/1536,graph,17,23.7169,15.1140,23.7625,23.7169,
25,8,131072,8192,layered,1536/1536/1536,graph,18,23.2774,15.3886,23.3243,23.2774,
25,8,131072,8192,layered,1536/1536/1536,graph,19,23.6775,15.1140,23.7243,23.6775,
25,8,131072,8192,layered,1536/1536/1536,graph,20,23.4027,16.2124,23.4498,23.4027,
25,8,131072,8192,layered,1536/1536/1536,graph,21,23.7407,15.6632,23.7875,23.7407,
25,8,131072,8192,layered,1536/1536/1536,graph,22,23.4656,15.9378,23.5180,23.4656,
25,8,131072,8192,layered,1536/1536/1536,graph,23,22.8410,16.1805,22.8849,22.8410,
25,8,131072,8192,layered,1536/1536/1536,graph,24,22.4894,16.7297,22.5343,22.4894,
25,8,131072,8192,layered,1536/1536/1536,graph,25,24.0404,15.3886,24.0872,24.0404,
25,8,131072,8192,layered,1536/1536/1536,graph,26,23.7581,15.6632,23.8116,23.7581,
25,8,131072,8192,layered,1536/1536/1536,graph,27,23.8577,15.3886,23.9048,23.8577,
25,8,131072,8192,layered,1536/1536/1536,graph,28,23.7220,15.6632,23.7688,23.7220,
25,8,131072,8192,layered,1536/1536/1536,graph,29,23.5208,15.3886,23.5677,23.5208,
25,8,131072,8192,layered,1536/1536/1536,graph,30,22.9536,16.4551,22.9997,22.9536,
25,8,131072,8192,layered,1536/1536/1536,graph,31,22.4513,16.7297,22.5001,22.4513,
25,8,131072,8192,layered,1536/1536/1536,graph,32,23.2611,16.7297,23.3082,23.2611,
25,8,131072,8192,layered,1536/1536/1536,graph,33,23.7411,15.9378,23.7899,23.7411,
25,8,131072,8192,layered,1536/1536/1536,graph,34,23.7709,15.3886,23.8182,23.7709,
25,8,131072,8192,layered,1536/1536/1536,graph,35,23.7284,15.9378,23.7763,23.7284,
25,8,131072,8192,layered,1536/1536/1536,graph,36,23.8824,15.1140,23.9308,23.8824,
25,8,131072,8192,layered,1536/1536/1536,graph,37,23.2066,15.6632,23.2530,23.2066,
25,8,131072,8192,layered,1536/1536/1536,graph,38,23.8436,15.6632,23.8909,23.8436,
25,8,131072,8192,layered,1536/1536/1536,graph,39,22.5021,16.1805,22.5499,22.5021,
25,8,131072,8192,layered,1536/1536/1536,graph,40,23.7163,15.3886,23.7671,23.7163,
25,8,131072,8192,layered,1536/1536/1536,graph,41,23.9172,16.2124,23.9659,23.9172,
25,8,131072,8192,layered,1536/1536/1536,graph,42,22.7629,16.1805,22.8058,22.7629,
25,8,131072,8192,layered,1536/1536/1536,graph,43,23.8365,15.6632,23.8835,23.8365,
25,8,131072,8192,layered,1536/1536/1536,graph,44,23.9315,15.6632,23.9785,23.9315,
25,8,131072,8192,layered,1536/1536/1536,graph,45,23.6064,15.3886,23.6600,23.6064,
25,8,131072,8192,layered,1536/1536/1536,graph,46,23.5707,15.6632,23.6232,23.5707,
25,8,131072,8192,layered,1536/1536/1536,graph,47,23.6813,15.1140,23.7329,23.6813,
25,8,131072,8192,layered,1536/1536/1536,graph,48,24.0692,16.4869,24.1196,24.0692,
25,8,131072,8192,layered,1536/1536/1536,graph,49,21.9197,15.6314,21.9678,21.9197,
25,8,131072,8192,layered,1536/1536/1536,graph,50,23.3817,15.9378,23.4292,23.3817,
25,8,131072,8192,layered,1536/1536/1536,graph,51,23.7100,15.3886,23.7564,23.7100,
25,8,131072,8192,layered,1536/1536/1536,graph,52,24.1663,16.4869,24.2206,24.1663,
25,8,131072,8192,layered,1536/1536/1536,graph,53,22.3121,15.6314,22.3586,22.3121,
25,8,131072,8192,layered,1536/1536/1536,graph,54,23.5066,16.2124,23.5547,23.5066,
25,8,131072,8192,layered,1536/1536/1536,graph,55,24.0723,15.1140,24.1177,24.0723,
25,8,131072,8192,layered,1536/1536/1536,graph,56,23.9303,15.9378,23.9777,23.9303,
25,8,131072,8192,layered,1536/1536/1536,graph,57,23.9132,15.6632,23.9615,23.9132,
25,8,131072,8192,layered,1536/1536/1536,graph,58,23.7618,15.6632,23.8070,23.7618,
25,8,131072,8192,layered,1536/1536/1536,graph,59,23.7738,15.3886,23.8237,23.7738,
25,8,131072,8192,layered,1536/1536/1536,graph,60,23.7048,15.6632,23.7500,23.7048,
25,8,131072,8192,layered,1536/1536/1536,graph,61,23.7779,15.1140,23.8240,23.7779,
25,8,131072,8192,layered,1536/1536/1536,graph,62,23.6961,15.6632,23.7416,23.6961,
25,8,131072,8192,layered,1536/1536/1536,graph,63,23.5546,15.1140,23.5985,23.5546,
25,8,131072,8192,layered,1536/1536/1536,graph,64,23.7013,16.2124,23.7476,23.7013,
25,8,131072,8192,layered,1536/1536/1536,graph,65,23.7356,15.3886,23.7795,23.7356,
25,8,131072,8192,layered,1536/1536/1536,graph,66,21.5937,15.6314,21.6378,21.5937,
25,8,131072,8192,layered,1536/1536/1536,graph,67,23.5395,15.9378,23.5864,23.5395,
25,8,131072,8192,layered,1536/1536/1536,graph,68,21.9045,15.6314,21.9492,21.9045,
25,8,131072,8192,layered,1536/1536/1536,graph,69,21.4874,16.4551,21.5331,21.4874,
25,8,131072,8192,layered,1536/1536/1536,graph,70,23.5085,14.8394,23.5521,23.5085,
25,8,131072,8192,layered,1536/1536/1536,graph,71,23.4926,15.9378,23.5382,23.4926,
25,8,131072,8192,layered,1536/1536/1536,graph,72,21.3611,15.6314,21.4056,21.3611,
25,8,131072,8192,layered,1536/1536/1536,graph,73,23.3258,15.6632,23.3721,23.3258,
25,8,131072,8192,layered,1536/1536/1536,graph,74,23.6655,15.3886,23.7112,23.6655,
25,8,131072,8192,layered,1536/1536/1536,graph,75,23.8129,15.9378,23.8587,23.8129,
25,8,131072,8192,layered,1536/1536/1536,graph,76,21.7206,15.9059,21.7657,21.7206,
25,8,131072,8192,layered,1536/1536/1536,graph,77,23.8695,15.9378,23.9166,23.8695,
25,8,131072,8192,layered,1536/1536/1536,graph,78,23.4930,15.3886,23.5399,23.4930,
25,8,131072,8192,layered,1536/1536/1536,graph,79,23.6070,15.6632,23.6519,23.6070,
25,8,131072,8192,layered,1536/1536/1536,graph,80,21.7901,16.1805,21.8351,21.7901,
25,8,131072,8192,layered,1536/1536/1536,graph,81,23.5783,15.9378,23.6237,23.5783,
25,8,131072,8192,layered,1536/1536/1536,graph,82,23.2661,15.1140,23.3126,23.2661,
25,8,131072,8192,layered,1536/1536/1536,graph,83,23.6979,15.6632,23.7426,23.6979,
25,8,131072,8192,layered,1536/1536/1536,graph,84,21.9876,15.9059,22.0320,21.9876,
25,8,131072,8192,layered,1536/1536/1536,graph,85,22.1411,16.7297,22.1860,22.1411,
25,8,131072,8192,layered,1536/1536/1536,graph,86,22.0745,16.1805,22.1190,22.0745,
25,8,131072,8192,layered,1536/1536/1536,graph,87,23.9016,15.9378,23.9468,23.9016,
25,8,131072,8192,layered,1536/1536/1536,graph,88,23.8604,15.1140,23.9099,23.8604,
25,8,131072,8192,layered,1536/1536/1536,graph,89,23.6232,15.6632,23.6699,23.6232,
25,8,131072,8192,layered,1536/1536/1536,graph,90,21.8145,16.1805,21.8617,21.8145,
25,8,131072,8192,layered,1536/1536/1536,graph,91,23.4490,15.9378,23.4963,23.4490,
25,8,131072,8192,layered,1536/1536/1536,graph,92,22.2158,15.6314,22.2600,22.2158,
25,8,131072,8192,layered,1536/1536/1536,graph,93,21.9751,16.7297,22.0218,21.9751,
25,8,131072,8192,layered,1536/1536/1536,graph,94,23.8779,15.3886,23.9247,23.8779,
25,8,131072,8192,layered,1536/1536/1536,graph,95,24.0251,15.9378,24.0702,24.0251,
25,8,131072,8192,layered,1536/1536/1536,graph,96,23.7037,15.1140,23.7493,23.7037,
25,8,131072,8192,layered,1536/1536/1536,graph,97,23.3576,15.3886,23.4010,23.3576,
25,8,131072,8192,layered,1536/1536/1536,graph,98,23.4775,15.3886,23.5233,23.4775,
25,8,131072,8192,layered,1536/1536/1536,graph,99,23.3381,15.3886,23.3821,23.3381,
25,8,131072,8192,layered,1536/1536/1536,graph,100,21.8329,16.1805,21.8768,21.8329,
25,8,131072,8192,layered,1536/1536/1536,graph,101,22.3652,16.7297,22.4104,22.3652,
25,8,131072,8192,layered,1536/1536/1536,graph,102,23.9390,15.6632,23.9838,23.9390,
25,8,131072,8192,layered,1536/1536/1536,graph,103,23.5603,15.6632,23.6049,23.5603,
25,8,131072,8192,layered,1536/1536/1536,graph,104,23.5852,15.3886,23.6309,23.5852,
25,8,131072,8192,layered,1536/1536/1536,graph,105,23.1022,15.3886,23.1488,23.1022,
25,8,131072,8192,layered,1536/1536/1536,graph,106,23.1652,16.1805,23.2133,23.1652,
25,8,131072,8192,layered,1536/1536/1536,graph,107,23.3367,15.3886,23.3785,23.3367,
25,8,131072,8192,layered,1536/1536/1536,graph,108,23.8389,15.9378,23.8954,23.8389,
25,8,131072,8192,layered,1536/1536/1536,graph,109,22.9195,16.7297,22.9688,22.9195,
25,8,131072,8192,layered,1536/1536/1536,graph,110,23.0324,16.7297,23.0772,23.0324,
25,8,131072,8192,layered,1536/1536/1536,graph,111,23.7119,15.6632,23.7575,23.7119,
25,8,131072,8192,layered,1536/1536/1536,graph,112,23.7226,15.6632,23.7672,23.7226,
25,8,131072,8192,layered,1536/1536/1536,graph,113,23.2305,15.1140,23.2756,23.2305,
25,8,131072,8192,layered,1536/1536/1536,graph,114,23.8457,15.9378,23.8915,23.8457,
25,8,131072,8192,layered,1536/1536/1536,graph,115,23.5863,15.1140,23.6309,23.5863,
25,8,131072,8192,layered,1536/1536/1536,graph,116,23.6640,15.9378,23.7097,23.6640,
25,8,131072,8192,layered,1536/1536/1536,graph,117,22.6826,16.1805,22.7278,22.6826,
25,8,131072,8192,layered,1536/1536/1536,graph,118,23.2836,17.0043,23.3271,23.2836,
25,8,131072,8192,layered,1536/1536/1536,graph,119,23.0455,16.4551,23.0906,23.0455,
25,8,131072,8192,layered,1536/1536/1536,graph,120,23.9661,15.9378,24.0116,23.9661,
25,8,131072,8192,layered,1536/1536/1536,graph,121,23.8231,15.3886,23.8700,23.8231,
25,8,131072,8192,layered,1536/1536/1536,graph,122,23.8504,15.6632,23.8964,23.8504,
25,8,131072,8192,layered,1536/1536/1536,graph,123,23.8946,15.3886,23.9401,23.8946,
25,8,131072,8192,layered,1536/1536/1536,graph,124,23.4979,15.3886,23.5458,23.4979,
25,8,131072,8192,layered,1536/1536/1536,graph,125,23.6318,15.6632,23.6785,23.6318,
25,8,131072,8192,layered,1536/1536/1536,graph,126,22.5491,15.9059,22.5924,22.5491,
25,8,131072,8192,layered,1536/1536/1536,graph,127,23.7802,15.9378,23.8272,23.7802,
25,8,131072,8192,layered,1536/1536/1536,graph,128,22.6419,16.4551,22.6859,22.6419,
25,8,131072,8192,layered,1536/1536/1536,graph,129,23.9557,15.9378,24.0019,23.9557,
25,8,131072,8192,layered,1536/1536/1536,graph,130,23.6964,15.3886,23.7456,23.6964,
25,8,131072,8192,layered,1536/1536/1536,graph,131,23.6680,15.6632,23.7135,23.6680,
25,8,131072,8192,layered,1536/1536/1536,graph,132,23.6076,15.3886,23.6520,23.6076,
25,8,131072,8192,layered,1536/1536/1536,graph,133,23.9162,15.3886,23.9625,23.9162,
25,8,131072,8192,layered,1536/1536/1536,graph,134,22.1989,16.7297,22.2421,22.1989,
25,8,131072,8192,layered,1536/1536/1536,graph,135,22.9749,16.4551,23.0180,22.9749,
25,8,131072,8192,layered,1536/1536/1536,graph,136,23.5954,15.6632,23.6466,23.5954,
25,8,131072,8192,layered,1536/1536/1536,graph,137,23.8466,15.6632,23.8914,23.8466,
25,8,131072,8192,layered,1536/1536/1536,graph,138,23.4260,15.6632,23.4720,23.4260,
25,8,131072,8192,layered,1536/1536/1536,graph,139,24.2565,15.3886,24.3009,24.2565,
25,8,131072,8192,layered,1536/1536/1536,graph,140,23.3495,15.6632,23.3957,23.3495,
25,8,131072,8192,layered,1536/1536/1536,graph,141,24.0972,15.1140,24.1422,24.0972,
25,8,131072,8192,layered,1536/1536/1536,graph,142,21.4364,16.4551,21.4798,21.4364,
25,8,131072,8192,layered,1536/1536/1536,graph,143,22.1836,16.4551,22.2267,22.1836,
25,8,131072,8192,layered,1536/1536/1536,graph,144,23.4302,15.3886,23.4753,23.4302,
25,8,131072,8192,layered,1536/1536/1536,graph,145,24.1728,15.9378,24.2170,24.1728,
25,8,131072,8192,layered,1536/1536/1536,graph,146,23.1669,15.6632,23.2122,23.1669,
25,8,131072,8192,layered,1536/1536/1536,graph,147,24.0327,15.6632,24.0774,24.0327,
25,8,131072,8192,layered,1536/1536/1536,graph,148,23.7082,15.6632,23.7517,23.7082,
25,8,131072,8192,layered,1536/1536/1536,graph,149,24.0449,15.1140,24.1474,24.0449,
25,8,131072,8192,layered,1536/1536/1536,graph,150,23.5876,15.9378,23.6327,23.5876,
25,8,131072,8192,layered,1536/1536/1536,graph,151,23.7491,15.3886,23.7985,23.7491,
25,8,131072,8192,layered,1536/1536/1536,graph,152,23.9011,15.9378,23.9464,23.9011,
25,8,131072,8192,layered,1536/1536/1536,graph,153,23.7385,15.1140,23.7840,23.7385,
25,8,131072,8192,layered,1536/1536/1536,graph,154,23.6859,15.6632,23.7309,23.6859,
25,8,131072,8192,layered,1536/1536/1536,graph,155,24.1081,15.6632,24.1526,24.1081,
25,8,131072,8192,layered,1536/1536/1536,graph,156,23.8452,15.9378,23.8904,23.8452,
25,8,131072,8192,layered,1536/1536/1536,graph,157,23.4052,15.1140,23.4500,23.4052,
25,8,131072,8192,layered,1536/1536/1536,graph,158,23.6541,15.9378,23.6983,23.6541,
25,8,131072,8192,layered,1536/1536/1536,graph,159,22.1792,15.6314,22.2238,22.1792,
25,8,131072,8192,layered,1536/1536/1536,graph,160,21.6486,16.7297,21.6947,21.6486,
25,8,131072,8192,layered,1536/1536/1536,graph,161,22.4757,15.9059,22.5248,22.4757,
25,8,131072,8192,layered,1536/1536/1536,graph,162,23.8751,16.2124,23.9255,23.8751,
25,8,131072,8192,layered,1536/1536/1536,graph,163,23.3177,15.1140,23.3688,23.3177,
25,8,131072,8192,layered,1536/1536/1536,graph,164,23.8492,15.6632,23.8929,23.8492,
25,8,131072,8192,layered,1536/1536/1536,graph,165,23.5073,15.3886,23.5531,23.5073,
25,8,131072,8192,layered,1536/1536/1536,graph,166,23.5494,15.3886,23.5953,23.5494,
25,8,131072,8192,layered,1536/1536/1536,graph,167,23.3661,15.3886,23.4109,23.3661,
25,8,131072,8192,layered,1536/1536/1536,graph,168,23.4640,15.3886,23.5085,23.4640,
25,8,131072,8192,layered,1536/1536/1536,graph,169,21.4069,16.4551,21.4573,21.4069,
25,8,131072,8192,layered,1536/1536/1536,graph,170,22.0906,15.9059,22.1358,22.0906,
25,8,131072,8192,layered,1536/1536/1536,graph,171,23.4735,15.9378,23.5194,23.4735,
25,8,131072,8192,layered,1536/1536/1536,graph,172,23.8717,15.3886,23.9145,23.8717,
25,8,131072,8192,layered,1536/1536/1536,graph,173,23.5476,15.9378,23.5933,23.5476,
25,8,131072,8192,layered,1536/1536/1536,graph,174,23.2720,15.1140,23.3168,23.2720,
25,8,131072,8192,layered,1536/1536/1536,graph,175,23.5039,15.6632,23.5495,23.5039,
25,8,131072,8192,layered,1536/1536/1536,graph,176,22.5019,15.9059,22.5459,22.5019,
25,8,131072,8192,layered,1536/1536/1536,graph,177,21.9275,17.0043,21.9817,21.9275,
25,8,131072,8192,layered,1536/1536/1536,graph,178,23.7586,15.3886,23.8059,23.7586,
25,8,131072,8192,layered,1536/1536/1536,graph,179,23.6216,15.6632,23.6693,23.6216,
25,8,131072,8192,layered,1536/1536/1536,graph,180,22.8526,16.4551,22.8971,22.8526,
25,8,131072,8192,layered,1536/1536/1536,graph,181,23.4177,15.3886,23.4652,23.4177,
25,8,131072,8192,layered,1536/1536/1536,graph,182,23.6101,15.6632,23.6561,23.6101,
25,8,131072,8192,layered,1536/1536/1536,graph,183,23.1236,15.3886,23.1700,23.1236,
25,8,131072,8192,layered,1536/1536/1536,graph,184,23.7327,15.6632,23.7799,23.7327,
25,8,131072,8192,layered,1536/1536/1536,graph,185,22.9417,16.4551,22.9857,22.9417,
25,8,131072,8192,layered,1536/1536/1536,graph,186,24.0088,15.6632,24.0542,24.0088,
25,8,131072,8192,layered,1536/1536/1536,graph,187,23.7154,15.3886,23.7617,23.7154,
25,8,131072,8192,layered,1536/1536/1536,graph,188,24.0109,16.2124,24.0639,24.0109,
25,8,131072,8192,layered,1536/1536/1536,graph,189,23.8293,15.6632,23.8832,23.8293,
25,8,131072,8192,layered,1536/1536/1536,graph,190,22.4131,15.9059,22.4619,22.4131,
25,8,131072,8192,layered,1536/1536/1536,graph,191,23.3560,15.3886,23.4068,23.3560,
25,8,131072,8192,layered,1536/1536/1536,graph,192,23.3201,15.3886,23.3686,23.3201,
25,8,131072,8192,layered,1536/1536/1536,graph,193,22.5375,17.0043,22.5827,22.5375,
25,8,131072,8192,layered,1536/1536/1536,graph,194,24.0289,15.3886,24.0737,24.0289,
25,8,131072,8192,layered,1536/1536/1536,graph,195,23.4529,15.6632,23.4992,23.4529,
25,8,131072,8192,layered,1536/1536/1536,graph,196,22.7637,16.4551,22.8086,22.7637,
25,8,131072,8192,layered,1536/1536/1536,graph,197,24.0044,15.6632,24.0487,24.0044,
25,8,131072,8192,layered,1536/1536/1536,graph,198,23.6240,15.6632,23.6707,23.6240,
25,8,131072,8192,layered,1536/1536/1536,graph,199,23.5544,15.3886,23.5999,23.5544,
25,8,131072,8192,hyprefill,2048/8192/8192,graph,0,24.1760,13.9838,24.2276,24.1760,
25,8,131072,8192,hyprefill,2048/8192/8192,graph,1,23.4136,14.8394,23.4674,23.4136,
25,8,131072,8192,hyprefill,2048/8192/8192,graph,2,23.4840,13.7092,23.5327,23.4840,
25,8,131072,8192,hyprefill,2048/8192/8192,graph,3,23.8666,14.5648,23.9134,23.8666,
25,8,131072,8192,hyprefill,2048/8192/8192,graph,4,24.1641,13.7410,24.2121,24.1641,
25,8,131072,8192,hyprefill,2048/8192/8192,graph,5,24.0575,14.8076,24.1094,24.0575,
25,8,131072,8192,hyprefill,2048/8192/8192,graph,6,23.4308,14.5330,23.4785,23.4308,
25,8,131072,8192,hyprefill,2048/8192/8192,graph,7,23.9140,13.7410,23.9661,23.9140,
25,8,131072,8192,hyprefill,2048/8192/8192,graph,8,23.7372,14.3220,23.7843,23.7372,
25,8,131072,8192,hyprefill,2048/8192/8192,graph,9,23.3164,13.4665,23.3772,23.3164,
25,8,131072,8192,hyprefill,2048/8192/8192,graph,10,23.5712,14.8394,23.6257,23.5712,
25,8,131072,8192,hyprefill,2048/8192/8192,graph,11,23.9110,13.4346,23.9598,23.9110,
25,8,131072,8192,hyprefill,2048/8192/8192,graph,12,23.6665,14.5648,23.7146,23.6665,
25,8,131072,8192,hyprefill,2048/8192/8192,graph,13,24.1900,13.7410,24.2416,24.1900,
25,8,131072,8192,hyprefill,2048/8192/8192,graph,14,23.8653,14.5648,23.9121,23.8653,
25,8,131072,8192,hyprefill,2048/8192/8192,graph,15,23.6426,14.0156,23.6908,23.6426,
25,8,131072,8192,hyprefill,2048/8192/8192,graph,16,23.7815,14.0156,23.8296,23.7815,
25,8,131072,8192,hyprefill,2048/8192/8192,graph,17,23.6462,14.0156,23.6935,23.6462,
25,8,131072,8192,hyprefill,2048/8192/8192,graph,18,24.0263,13.7410,24.0939,24.0263,
25,8,131072,8192,hyprefill,2048/8192/8192,graph,19,24.1117,14.0475,24.1587,24.1117,
25,8,131072,8192,hyprefill,2048/8192/8192,graph,20,24.0389,13.7410,24.0854,24.0389,
25,8,131072,8192,hyprefill,2048/8192/8192,graph,21,24.0516,14.5648,24.0978,24.0516,
25,8,131072,8192,hyprefill,2048/8192/8192,graph,22,23.5259,13.7092,23.5856,23.5259,
25,8,131072,8192,hyprefill,2048/8192/8192,graph,23,23.7545,15.0822,23.8077,23.7545,
25,8,131072,8192,hyprefill,2048/8192/8192,graph,24,24.0344,13.9838,24.0866,24.0344,
25,8,131072,8192,hyprefill,2048/8192/8192,graph,25,23.4060,14.8394,23.4574,23.4060,
25,8,131072,8192,hyprefill,2048/8192/8192,graph,26,24.0886,13.7410,24.1366,24.0886,
25,8,131072,8192,hyprefill,2048/8192/8192,graph,27,23.1397,14.2902,23.1933,23.1397,
25,8,131072,8192,hyprefill,2048/8192/8192,graph,28,23.9812,14.2584,24.0293,23.9812,
25,8,131072,8192,hyprefill,2048/8192/8192,graph,29,23.4532,14.0156,23.5021,23.4532,
25,8,131072,8192,hyprefill,2048/8192/8192,graph,30,24.2005,14.0475,24.2495,24.2005,
25,8,131072,8192,hyprefill,2048/8192/8192,graph,31,24.0471,13.7410,24.0948,24.0471,
25,8,131072,8192,hyprefill,2048/8192/8192,graph,32,24.0234,14.5648,24.0815,24.0234,
25,8,131072,8192,hyprefill,2048/8192/8192,graph,33,23.8012,14.2584,23.8625,23.8012,
25,8,131072,8192,hyprefill,2048/8192/8192,graph,34,23.9409,14.5648,23.9916,23.9409,
25,8,131072,8192,hyprefill,2048/8192/8192,graph,35,24.0589,13.7410,24.1093,24.0589,
25,8,131072,8192,hyprefill,2048/8192/8192,graph,36,23.9278,14.5648,23.9749,23.9278,
25,8,131072,8192,hyprefill,2048/8192/8192,graph,37,23.9193,13.7410,23.9663,23.9193,
25,8,131072,8192,hyprefill,2048/8192/8192,graph,38,23.9343,14.5648,23.9821,23.9343,
25,8,131072,8192,hyprefill,2048/8192/8192,graph,39,23.7769,14.0156,23.8246,23.7769,
25,8,131072,8192,hyprefill,2048/8192/8192,graph,40,23.9562,13.7410,24.0031,23.9562,
25,8,131072,8192,hyprefill,2048/8192/8192,graph,41,24.1799,14.0475,24.2290,24.1799,
25,8,131072,8192,hyprefill,2048/8192/8192,graph,42,23.5979,14.0156,23.6415,23.5979,
25,8,131072,8192,hyprefill,2048/8192/8192,graph,43,23.6291,14.0156,23.6763,23.6291,
25,8,131072,8192,hyprefill,2048/8192/8192,graph,44,23.8468,14.2584,23.8935,23.8468,
25,8,131072,8192,hyprefill,2048/8192/8192,graph,45,23.3082,14.5330,23.3541,23.3082,
25,8,131072,8192,hyprefill,2048/8192/8192,graph,46,23.5927,14.0156,23.6397,23.5927,
25,8,131072,8192,hyprefill,2048/8192/8192,graph,47,23.4165,14.0156,23.4631,23.4165,
25,8,131072,8192,hyprefill,2048/8192/8192,graph,48,23.5638,14.0156,23.6096,23.5638,
25,8,131072,8192,hyprefill,2048/8192/8192,graph,49,23.6201,14.0156,23.6663,23.6201,
25,8,131072,8192,hyprefill,2048/8192/8192,graph,50,24.1095,14.8076,24.1551,24.1095,
25,8,131072,8192,hyprefill,2048/8192/8192,graph,51,23.9230,13.7410,23.9688,23.9230,
25,8,131072,8192,hyprefill,2048/8192/8192,graph,52,23.8729,14.5648,23.9191,23.8729,
25,8,131072,8192,hyprefill,2048/8192/8192,graph,53,24.0033,13.7410,24.0492,24.0033,
25,8,131072,8192,hyprefill,2048/8192/8192,graph,54,24.3458,14.0475,24.3922,24.3458,
25,8,131072,8192,hyprefill,2048/8192/8192,graph,55,24.2268,13.7410,24.2738,24.2268,
25,8,131072,8192,hyprefill,2048/8192/8192,graph,56,23.4918,14.0156,23.5381,23.4918,
25,8,131072,8192,hyprefill,2048/8192/8192,graph,57,23.8631,14.5648,23.9283,23.8631,
25,8,131072,8192,hyprefill,2048/8192/8192,graph,58,23.9453,13.7410,23.9912,23.9453,
25,8,131072,8192,hyprefill,2048/8192/8192,graph,59,23.9393,14.5648,23.9860,23.9393,
25,8,131072,8192,hyprefill,2048/8192/8192,graph,60,23.9890,13.7410,24.0360,23.9890,
25,8,131072,8192,hyprefill,2048/8192/8192,graph,61,23.7891,15.0822,23.8365,23.7891,
25,8,131072,8192,hyprefill,2048/8192/8192,graph,62,23.3020,13.7092,23.3487,23.3020,
25,8,131072,8192,hyprefill,2048/8192/8192,graph,63,23.7508,14.5648,23.7966,23.7508,
25,8,131072,8192,hyprefill,2048/8192/8192,graph,64,23.4027,14.0156,23.4499,23.4027,
25,8,131072,8192,hyprefill,2048/8192/8192,graph,65,23.7170,14.0156,23.7600,23.7170,
25,8,131072,8192,hyprefill,2048/8192/8192,graph,66,23.5107,14.0156,23.5582,23.5107,
25,8,131072,8192,hyprefill,2048/8192/8192,graph,67,23.8277,13.7410,23.8730,23.8277,
25,8,131072,8192,hyprefill,2048/8192/8192,graph,68,23.7285,14.5648,23.7751,23.7285,
25,8,131072,8192,hyprefill,2048/8192/8192,graph,69,23.7264,13.4983,23.7724,23.7264,
25,8,131072,8192,hyprefill,2048/8192/8192,graph,70,23.4789,14.0156,23.5274,23.4789,
25,8,131072,8192,hyprefill,2048/8192/8192,graph,71,23.4991,14.0156,23.5478,23.4991,
25,8,131072,8192,hyprefill,2048/8192/8192,graph,72,23.4482,14.0156,23.4952,23.4482,
25,8,131072,8192,hyprefill,2048/8192/8192,graph,73,23.4052,14.5330,23.4515,23.4052,
25,8,131072,8192,hyprefill,2048/8192/8192,graph,74,23.4169,14.0156,23.4633,23.4169,
25,8,131072,8192,hyprefill,2048/8192/8192,graph,75,23.1210,14.2902,23.1674,23.1210,
25,8,131072,8192,hyprefill,2048/8192/8192,graph,76,23.4263,14.0156,23.4726,23.4263,
25,8,131072,8192,hyprefill,2048/8192/8192,graph,77,23.4961,14.0156,23.5411,23.4961,
25,8,131072,8192,hyprefill,2048/8192/8192,graph,78,23.7415,14.2584,23.7876,23.7415,
25,8,131072,8192,hyprefill,2048/8192/8192,graph,79,23.8349,14.5648,23.8831,23.8349,
25,8,131072,8192,hyprefill,2048/8192/8192,graph,80,23.5817,14.0156,23.6280,23.5817,
25,8,131072,8192,hyprefill,2048/8192/8192,graph,81,23.0290,14.0156,23.1589,23.0290,
25,8,131072,8192,hyprefill,2048/8192/8192,graph,82,23.1474,14.0156,23.1930,23.1474,
25,8,131072,8192,hyprefill,2048/8192/8192,graph,83,23.3969,14.0156,23.4419,23.3969,
25,8,131072,8192,hyprefill,2048/8192/8192,graph,84,23.3379,14.0156,23.3822,23.3379,
25,8,131072,8192,hyprefill,2048/8192/8192,graph,85,23.9284,14.5648,23.9762,23.9284,
25,8,131072,8192,hyprefill,2048/8192/8192,graph,86,23.4208,14.0156,23.4756,23.4208,
25,8,131072,8192,hyprefill,2048/8192/8192,graph,87,23.4956,14.5330,23.5470,23.4956,
25,8,131072,8192,hyprefill,2048/8192/8192,graph,88,23.5078,14.0156,23.5542,23.5078,
25,8,131072,8192,hyprefill,2048/8192/8192,graph,89,23.6330,14.2584,23.6800,23.6330,
25,8,131072,8192,hyprefill,2048/8192/8192,graph,90,23.7416,14.5648,23.7926,23.7416,
25,8,131072,8192,hyprefill,2048/8192/8192,graph,91,23.7711,13.7410,23.8172,23.7711,
25,8,131072,8192,hyprefill,2048/8192/8192,graph,92,23.9906,14.5648,24.0394,23.9906,
25,8,131072,8192,hyprefill,2048/8192/8192,graph,93,23.8959,13.7410,23.9400,23.8959,
25,8,131072,8192,hyprefill,2048/8192/8192,graph,94,23.4060,14.0156,23.4530,23.4060,
25,8,131072,8192,hyprefill,2048/8192/8192,graph,95,23.5217,14.0156,23.5687,23.5217,
25,8,131072,8192,hyprefill,2048/8192/8192,graph,96,23.8418,13.7410,23.8886,23.8418,
25,8,131072,8192,hyprefill,2048/8192/8192,graph,97,23.8682,14.5648,23.9145,23.8682,
25,8,131072,8192,hyprefill,2048/8192/8192,graph,98,23.7541,13.7410,23.8042,23.7541,
25,8,131072,8192,hyprefill,2048/8192/8192,graph,99,23.5073,14.8394,23.5556,23.5073,
25,8,131072,8192,hyprefill,2048/8192/8192,graph,100,23.8470,13.7410,23.8939,23.8470,
25,8,131072,8192,hyprefill,2048/8192/8192,graph,101,23.0778,14.2902,23.1304,23.0778,
25,8,131072,8192,hyprefill,2048/8192/8192,graph,102,23.5942,14.0156,23.6469,23.5942,
25,8,131072,8192,hyprefill,2048/8192/8192,graph,103,23.7982,14.2584,23.8480,23.7982,
25,8,131072,8192,hyprefill,2048/8192/8192,graph,104,23.9036,14.5648,23.9514,23.9036,
25,8,131072,8192,hyprefill,2048/8192/8192,graph,105,23.7615,13.7410,23.8103,23.7615,
25,8,131072,8192,hyprefill,2048/8192/8192,graph,106,23.9102,14.5648,23.9569,23.9102,
25,8,131072,8192,hyprefill,2048/8192/8192,graph,107,23.8616,13.7410,23.9034,23.8616,
25,8,131072,8192,hyprefill,2048/8192/8192,graph,108,23.9095,14.5648,23.9561,23.9095,
25,8,131072,8192,hyprefill,2048/8192/8192,graph,109,23.8023,14.2584,23.8473,23.8023,
25,8,131072,8192,hyprefill,2048/8192/8192,graph,110,23.9782,14.5648,24.0252,23.9782,
25,8,131072,8192,hyprefill,2048/8192/8192,graph,111,23.8685,13.7410,23.9131,23.8685,
25,8,131072,8192,hyprefill,2048/8192/8192,graph,112,23.6987,14.5648,23.7497,23.6987,
25,8,131072,8192,hyprefill,2048/8192/8192,graph,113,23.7211,14.0156,23.7691,23.7211,
25,8,131072,8192,hyprefill,2048/8192/8192,graph,114,23.4867,14.0156,23.5397,23.4867,
25,8,131072,8192,hyprefill,2048/8192/8192,graph,115,23.5131,14.0156,23.5627,23.5131,
25,8,131072,8192,hyprefill,2048/8192/8192,graph,116,23.4683,14.0156,23.5182,23.4683,
25,8,131072,8192,hyprefill,2048/8192/8192,graph,117,23.5459,14.0156,23.5931,23.5459,
25,8,131072,8192,hyprefill,2048/8192/8192,graph,118,23.5488,14.0156,23.5971,23.5488,
25,8,131072,8192,hyprefill,2048/8192/8192,graph,119,24.1712,14.2902,24.2165,24.1712,
25,8,131072,8192,hyprefill,2048/8192/8192,graph,120,23.6724,14.0156,23.7206,23.6724,
25,8,131072,8192,hyprefill,2048/8192/8192,graph,121,23.8389,14.5648,23.8861,23.8389,
25,8,131072,8192,hyprefill,2048/8192/8192,graph,122,23.9225,13.7410,23.9685,23.9225,
25,8,131072,8192,hyprefill,2048/8192/8192,graph,123,23.8572,14.5648,23.9037,23.8572,
25,8,131072,8192,hyprefill,2048/8192/8192,graph,124,23.7671,14.0156,23.8135,23.7671,
25,8,131072,8192,hyprefill,2048/8192/8192,graph,125,23.6744,14.0156,23.7205,23.6744,
25,8,131072,8192,hyprefill,2048/8192/8192,graph,126,23.6221,14.2584,23.6679,23.6221,
25,8,131072,8192,hyprefill,2048/8192/8192,graph,127,23.8907,14.5648,23.9418,23.8907,
25,8,131072,8192,hyprefill,2048/8192/8192,graph,128,23.4732,14.0156,23.5241,23.4732,
25,8,131072,8192,hyprefill,2048/8192/8192,graph,129,23.7074,14.0156,23.7541,23.7074,
25,8,131072,8192,hyprefill,2048/8192/8192,graph,130,23.5104,14.0156,23.5559,23.5104,
25,8,131072,8192,hyprefill,2048/8192/8192,graph,131,23.6301,14.2584,23.6739,23.6301,
25,8,131072,8192,hyprefill,2048/8192/8192,graph,132,23.5462,14.0156,23.5916,23.5462,
25,8,131072,8192,hyprefill,2048/8192/8192,graph,133,23.4506,14.0156,23.4974,23.4506,
25,8,131072,8192,hyprefill,2048/8192/8192,graph,134,23.8786,14.5648,23.9251,23.8786,
25,8,131072,8192,hyprefill,2048/8192/8192,graph,135,23.7134,14.0156,23.7597,23.7134,
25,8,131072,8192,hyprefill,2048/8192/8192,graph,136,23.6601,14.0156,23.7062,23.6601,
25,8,131072,8192,hyprefill,2048/8192/8192,graph,137,23.5256,14.0156,23.5712,23.5256,
25,8,131072,8192,hyprefill,2048/8192/8192,graph,138,23.3411,14.0156,23.3872,23.3411,
25,8,131072,8192,hyprefill,2048/8192/8192,graph,139,23.9648,14.5648,24.0111,23.9648,
25,8,131072,8192,hyprefill,2048/8192/8192,graph,140,23.8783,13.7410,23.9234,23.8783,
25,8,131072,8192,hyprefill,2048/8192/8192,graph,141,23.1479,14.2902,23.1956,23.1479,
25,8,131072,8192,hyprefill,2048/8192/8192,graph,142,23.8302,14.2584,23.8766,23.8302,
25,8,131072,8192,hyprefill,2048/8192/8192,graph,143,23.9984,14.5648,24.0462,23.9984,
25,8,131072,8192,hyprefill,2048/8192/8192,graph,144,23.8479,13.7410,23.8976,23.8479,
25,8,131072,8192,hyprefill,2048/8192/8192,graph,145,23.8122,14.5648,23.8585,23.8122,
25,8,131072,8192,hyprefill,2048/8192/8192,graph,146,23.8125,14.0156,23.8598,23.8125,
25,8,131072,8192,hyprefill,2048/8192/8192,graph,147,23.6741,14.0156,23.7290,23.6741,
25,8,131072,8192,hyprefill,2048/8192/8192,graph,148,23.5977,14.0156,23.6460,23.5977,
25,8,131072,8192,hyprefill,2048/8192/8192,graph,149,23.3736,14.0156,23.4201,23.3736,
25,8,131072,8192,hyprefill,2048/8192/8192,graph,150,23.9331,14.5648,23.9805,23.9331,
25,8,131072,8192,hyprefill,2048/8192/8192,graph,151,23.9010,13.7410,23.9506,23.9010,
25,8,131072,8192,hyprefill,2048/8192/8192,graph,152,23.8747,14.5648,23.9221,23.8747,
25,8,131072,8192,hyprefill,2048/8192/8192,graph,153,23.8025,14.2584,23.8476,23.8025,
25,8,131072,8192,hyprefill,2048/8192/8192,graph,154,23.8815,14.5648,23.9282,23.8815,
25,8,131072,8192,hyprefill,2048/8192/8192,graph,155,23.5048,14.0156,23.5515,23.5048,
25,8,131072,8192,hyprefill,2048/8192/8192,graph,156,23.4617,14.0156,23.5107,23.4617,
25,8,131072,8192,hyprefill,2048/8192/8192,graph,157,23.5945,14.0156,23.6415,23.5945,
25,8,131072,8192,hyprefill,2048/8192/8192,graph,158,23.8411,13.7410,23.8872,23.8411,
25,8,131072,8192,hyprefill,2048/8192/8192,graph,159,23.7983,14.5648,23.8455,23.7983,
25,8,131072,8192,hyprefill,2048/8192/8192,graph,160,23.8625,13.7410,23.9063,23.8625,
25,8,131072,8192,hyprefill,2048/8192/8192,graph,161,23.8901,14.5648,23.9353,23.8901,
25,8,131072,8192,hyprefill,2048/8192/8192,graph,162,24.0962,13.7410,24.1407,24.0962,
25,8,131072,8192,hyprefill,2048/8192/8192,graph,163,23.5207,14.0156,23.5660,23.5207,
25,8,131072,8192,hyprefill,2048/8192/8192,graph,164,23.3322,14.5330,23.3804,23.3322,
25,8,131072,8192,hyprefill,2048/8192/8192,graph,165,23.5870,14.0156,23.6338,23.5870,
25,8,131072,8192,hyprefill,2048/8192/8192,graph,166,23.4133,14.0156,23.4592,23.4133,
25,8,131072,8192,hyprefill,2048/8192/8192,graph,167,24.1558,14.8076,24.2021,24.1558,
25,8,131072,8192,hyprefill,2048/8192/8192,graph,168,23.5009,14.5330,23.5455,23.5009,
25,8,131072,8192,hyprefill,2048/8192/8192,graph,169,23.8988,14.2584,23.9450,23.8988,
25,8,131072,8192,hyprefill,2048/8192/8192,graph,170,23.4003,14.0156,23.4456,23.4003,
25,8,131072,8192,hyprefill,2048/8192/8192,graph,171,23.3936,13.7729,23.4407,23.3936,
25,8,131072,8192,hyprefill,2048/8192/8192,graph,172,23.4879,13.7729,23.5280,23.4879,
25,8,131072,8192,hyprefill,2048/8192/8192,graph,173,23.6899,14.0156,23.7359,23.6899,
25,8,131072,8192,hyprefill,2048/8192/8192,graph,174,23.9498,13.7410,24.0013,23.9498,
25,8,131072,8192,hyprefill,2048/8192/8192,graph,175,23.7500,14.5648,23.7961,23.7500,
25,8,131072,8192,hyprefill,2048/8192/8192,graph,176,23.6195,14.0156,23.6657,23.6195,
25,8,131072,8192,hyprefill,2048/8192/8192,graph,177,23.4296,14.0156,23.4782,23.4296,
25,8,131072,8192,hyprefill,2048/8192/8192,graph,178,23.6028,14.0156,23.6485,23.6028,
25,8,131072,8192,hyprefill,2048/8192/8192,graph,179,24.0718,14.8076,24.1230,24.0718,
25,8,131072,8192,hyprefill,2048/8192/8192,graph,180,23.7073,14.2584,23.7518,23.7073,
25,8,131072,8192,hyprefill,2048/8192/8192,graph,181,23.7345,13.7410,23.7801,23.7345,
25,8,131072,8192,hyprefill,2048/8192/8192,graph,182,23.4130,13.7729,23.4648,23.4130,
25,8,131072,8192,hyprefill,2048/8192/8192,graph,183,23.5036,13.7729,23.5502,23.5036,
25,8,131072,8192,hyprefill,2048/8192/8192,graph,184,24.0894,14.5648,24.1360,24.0894,
25,8,131072,8192,hyprefill,2048/8192/8192,graph,185,24.0895,13.9838,24.1353,24.0895,
25,8,131072,8192,hyprefill,2048/8192/8192,graph,186,23.6932,15.0822,23.7405,23.6932,
25,8,131072,8192,hyprefill,2048/8192/8192,graph,187,23.8529,14.2584,23.8976,23.8529,
25,8,131072,8192,hyprefill,2048/8192/8192,graph,188,23.6972,13.7410,23.7412,23.6972,
25,8,131072,8192,hyprefill,2048/8192/8192,graph,189,23.7944,14.5648,23.8403,23.7944,
25,8,131072,8192,hyprefill,2048/8192/8192,graph,190,23.4693,14.0156,23.5129,23.4693,
25,8,131072,8192,hyprefill,2048/8192/8192,graph,191,23.8919,13.7410,23.9349,23.8919,
25,8,131072,8192,hyprefill,2048/8192/8192,graph,192,23.3573,14.0156,23.4038,23.3573,
25,8,131072,8192,hyprefill,2048/8192/8192,graph,193,24.0996,14.0475,24.1465,24.0996,
25,8,131072,8192,hyprefill,2048/8192/8192,graph,194,23.9494,13.7410,23.9936,23.9494,
25,8,131072,8192,hyprefill,2048/8192/8192,graph,195,23.2638,14.2902,23.3081,23.2638,
25,8,131072,8192,hyprefill,2048/8192/8192,graph,196,23.7508,14.2584,23.7956,23.7508,
25,8,131072,8192,hyprefill,2048/8192/8192,graph,197,24.0258,14.8076,24.0724,24.0258,
25,8,131072,8192,hyprefill,2048/8192/8192,graph,198,23.7497,14.2584,23.7980,23.7497,
25,8,131072,8192,hyprefill,2048/8192/8192,graph,199,23.8583,14.5648,23.9074,23.8583,
25,8,131072,8192,hyprefill,1024/8192/8192,graph,0,24.0902,14.6285,24.1547,24.0902,
25,8,131072,8192,hyprefill,1024/8192/8192,graph,1,23.6465,14.0793,23.7105,23.6465,
25,8,131072,8192,hyprefill,1024/8192/8192,graph,2,24.0778,14.6285,24.1413,24.0778,
25,8,131072,8192,hyprefill,1024/8192/8192,graph,3,23.5967,14.0793,23.6603,23.5967,
25,8,131072,8192,hyprefill,1024/8192/8192,graph,4,23.9896,14.1111,24.0524,23.9896,
25,8,131072,8192,hyprefill,1024/8192/8192,graph,5,24.3356,14.6603,24.3990,24.3356,
25,8,131072,8192,hyprefill,1024/8192/8192,graph,6,24.1736,13.8047,24.2359,24.1736,
25,8,131072,8192,hyprefill,1024/8192/8192,graph,7,23.8699,14.1111,23.9320,23.8699,
25,8,131072,8192,hyprefill,1024/8192/8192,graph,8,23.6068,14.3857,23.6694,23.6068,
25,8,131072,8192,hyprefill,1024/8192/8192,graph,9,24.2660,14.1429,24.3289,24.2660,
25,8,131072,8192,hyprefill,1024/8192/8192,graph,10,23.6231,13.8683,23.6854,23.6231,
25,8,131072,8192,hyprefill,1024/8192/8192,graph,11,23.5726,13.8683,23.6343,23.5726,
25,8,131072,8192,hyprefill,1024/8192/8192,graph,12,23.9867,14.1111,24.0490,23.9867,
25,8,131072,8192,hyprefill,1024/8192/8192,graph,13,24.0334,14.1111,24.0954,24.0334,
25,8,131072,8192,hyprefill,1024/8192/8192,graph,14,23.9578,14.1111,24.0176,23.9578,
25,8,131072,8192,hyprefill,1024/8192/8192,graph,15,24.0103,14.6285,24.0728,24.0103,
25,8,131072,8192,hyprefill,1024/8192/8192,graph,16,24.0420,14.6285,24.0923,24.0420,
25,8,131072,8192,hyprefill,1024/8192/8192,graph,17,23.7160,14.0793,23.7615,23.7160,
25,8,131072,8192,hyprefill,1024/8192/8192,graph,18,23.9923,14.6285,24.0389,23.9923,
25,8,131072,8192,hyprefill,1024/8192/8192,graph,19,23.6557,14.0793,23.7002,23.6557,
25,8,131072,8192,hyprefill,1024/8192/8192,graph,20,23.5709,14.3857,23.6165,23.5709,
25,8,131072,8192,hyprefill,1024/8192/8192,graph,21,24.3899,13.8365,24.4348,24.3899,
25,8,131072,8192,hyprefill,1024/8192/8192,graph,22,24.2451,14.6603,24.2914,24.2451,
25,8,131072,8192,hyprefill,1024/8192/8192,graph,23,23.9538,14.1111,23.9982,23.9538,
25,8,131072,8192,hyprefill,1024/8192/8192,graph,24,24.4574,14.1429,24.5037,24.4574,
25,8,131072,8192,hyprefill,1024/8192/8192,graph,25,24.2843,14.1429,24.3314,24.2843,
25,8,131072,8192,hyprefill,1024/8192/8192,graph,26,23.9897,13.5938,24.0352,23.9897,
25,8,131072,8192,hyprefill,1024/8192/8192,graph,27,23.9718,14.4175,24.0194,23.9718,
25,8,131072,8192,hyprefill,1024/8192/8192,graph,28,24.2794,13.8047,24.3237,24.2794,
25,8,131072,8192,hyprefill,1024/8192/8192,graph,29,24.3438,14.1429,24.3946,24.3438,
25,8,131072,8192,hyprefill,1024/8192/8192,graph,30,24.0023,14.1111,24.0490,24.0023,
25,8,131072,8192,hyprefill,1024/8192/8192,graph,31,23.6317,14.3857,23.6778,23.6317,
25,8,131072,8192,hyprefill,1024/8192/8192,graph,32,23.6616,14.0793,23.7085,23.6616,
25,8,131072,8192,hyprefill,1024/8192/8192,graph,33,24.0430,14.6285,24.0896,24.0430,
25,8,131072,8192,hyprefill,1024/8192/8192,graph,34,23.5555,14.0793,23.6022,23.5555,
25,8,131072,8192,hyprefill,1024/8192/8192,graph,35,23.7595,14.3857,23.8062,23.7595,
25,8,131072,8192,hyprefill,1024/8192/8192,graph,36,24.3436,13.8365,24.3900,24.3436,
25,8,131072,8192,hyprefill,1024/8192/8192,graph,37,23.9946,14.6285,24.0403,23.9946,
25,8,131072,8192,hyprefill,1024/8192/8192,graph,38,23.9876,14.6285,24.0334,23.9876,
25,8,131072,8192,hyprefill,1024/8192/8192,graph,39,24.0648,14.1111,24.1134,24.0648,
25,8,131072,8192,hyprefill,1024/8192/8192,graph,40,24.4213,14.1429,24.4681,24.4213,
25,8,131072,8192,hyprefill,1024/8192/8192,graph,41,23.9884,13.5938,24.0352,23.9884,
25,8,131072,8192,hyprefill,1024/8192/8192,graph,42,24.3819,14.6603,24.4301,24.3819,
25,8,131072,8192,hyprefill,1024/8192/8192,graph,43,24.1273,13.8047,24.1746,24.1273,
25,8,131072,8192,hyprefill,1024/8192/8192,graph,44,24.3751,14.1429,24.4337,24.3751,
25,8,131072,8192,hyprefill,1024/8192/8192,graph,45,24.0145,14.1111,24.0624,24.0145,
25,8,131072,8192,hyprefill,1024/8192/8192,graph,46,23.6897,14.3857,23.7382,23.6897,
25,8,131072,8192,hyprefill,1024/8192/8192,graph,47,23.8351,14.0793,23.8894,23.8351,
25,8,131072,8192,hyprefill,1024/8192/8192,graph,48,24.1043,14.6285,24.1574,24.1043,
25,8,131072,8192,hyprefill,1024/8192/8192,graph,49,23.7394,14.0793,23.7886,23.7394,
25,8,131072,8192,hyprefill,1024/8192/8192,graph,50,24.3963,14.6603,24.4523,24.3963,
25,8,131072,8192,hyprefill,1024/8192/8192,graph,51,24.3955,13.8365,24.4431,24.3955,
25,8,131072,8192,hyprefill,1024/8192/8192,graph,52,23.8916,14.1111,23.9419,23.8916,
25,8,131072,8192,hyprefill,1024/8192/8192,graph,53,24.1124,14.6285,24.1588,24.1124,
25,8,131072,8192,hyprefill,1024/8192/8192,graph,54,23.9516,14.1111,23.9999,23.9516,
25,8,131072,8192,hyprefill,1024/8192/8192,graph,55,23.9708,14.4175,24.0197,23.9708,
25,8,131072,8192,hyprefill,1024/8192/8192,graph,56,24.0848,13.5938,24.1359,24.0848,
25,8,131072,8192,hyprefill,1024/8192/8192,graph,57,23.6971,14.3857,23.7442,23.6971,
25,8,131072,8192,hyprefill,1024/8192/8192,graph,58,23.7726,14.0793,23.8252,23.7726,
25,8,131072,8192,hyprefill,1024/8192/8192,graph,59,24.0194,14.1111,24.0680,24.0194,
25,8,131072,8192,hyprefill,1024/8192/8192,graph,60,23.9797,14.6285,24.0271,23.9797,
25,8,131072,8192,hyprefill,1024/8192/8192,graph,61,23.9873,14.1111,24.0338,23.9873,
25,8,131072,8192,hyprefill,1024/8192/8192,graph,62,24.1221,14.1111,24.1733,24.1221,
25,8,131072,8192,hyprefill,1024/8192/8192,graph,63,24.0902,14.1111,24.1375,24.0902,
25,8,131072,8192,hyprefill,1024/8192/8192,graph,64,24.1800,14.1111,24.2294,24.1800,
25,8,131072,8192,hyprefill,1024/8192/8192,graph,65,24.4825,14.1429,24.5379,24.4825,
25,8,131072,8192,hyprefill,1024/8192/8192,graph,66,24.4170,14.1429,24.4652,24.4170,
25,8,131072,8192,hyprefill,1024/8192/8192,graph,67,24.1710,14.1111,24.2194,24.1710,
25,8,131072,8192,hyprefill,1024/8192/8192,graph,68,23.7425,14.3857,23.7904,23.7425,
25,8,131072,8192,hyprefill,1024/8192/8192,graph,69,24.1084,14.1111,24.1633,24.1084,
25,8,131072,8192,hyprefill,1024/8192/8192,graph,70,24.0406,14.1111,24.0905,24.0406,
25,8,131072,8192,hyprefill,1024/8192/8192,graph,71,23.9621,14.1111,24.0108,23.9621,
25,8,131072,8192,hyprefill,1024/8192/8192,graph,72,23.6860,14.3857,23.7333,23.6860,
25,8,131072,8192,hyprefill,1024/8192/8192,graph,73,24.2612,14.3220,24.3064,24.2612,
25,8,131072,8192,hyprefill,1024/8192/8192,graph,74,23.9456,14.6285,23.9914,23.9456,
25,8,131072,8192,hyprefill,1024/8192/8192,graph,75,24.0147,14.6285,24.0657,24.0147,
25,8,131072,8192,hyprefill,1024/8192/8192,graph,76,24.0901,14.6285,24.1360,24.0901,
25,8,131072,8192,hyprefill,1024/8192/8192,graph,77,23.6773,14.0793,23.7237,23.6773,
25,8,131072,8192,hyprefill,1024/8192/8192,graph,78,23.9651,14.6285,24.0113,23.9651,
25,8,131072,8192,hyprefill,1024/8192/8192,graph,79,23.5669,14.0793,23.6152,23.5669,
25,8,131072,8192,hyprefill,1024/8192/8192,graph,80,24.4520,14.1429,24.5024,24.4520,
25,8,131072,8192,hyprefill,1024/8192/8192,graph,81,24.3341,14.1429,24.3811,24.3341,
25,8,131072,8192,hyprefill,1024/8192/8192,graph,82,24.1410,14.1111,24.1890,24.1410,
25,8,131072,8192,hyprefill,1024/8192/8192,graph,83,24.3878,14.6603,24.4361,24.3878,
25,8,131072,8192,hyprefill,1024/8192/8192,graph,84,24.1323,14.1111,24.1787,24.1323,
25,8,131072,8192,hyprefill,1024/8192/8192,graph,85,24.4829,14.1429,24.5283,24.4829,
25,8,131072,8192,hyprefill,1024/8192/8192,graph,86,24.0404,14.1111,24.0959,24.0404,
25,8,131072,8192,hyprefill,1024/8192/8192,graph,87,23.7927,14.3857,23.8404,23.7927,
25,8,131072,8192,hyprefill,1024/8192/8192,graph,88,23.7541,14.0793,23.8016,23.7541,
25,8,131072,8192,hyprefill,1024/8192/8192,graph,89,24.0503,14.1111,24.0959,24.0503,
25,8,131072,8192,hyprefill,1024/8192/8192,graph,90,23.7441,14.3857,23.7911,23.7441,
25,8,131072,8192,hyprefill,1024/8192/8192,graph,91,23.7739,14.0793,23.8190,23.7739,
25,8,131072,8192,hyprefill,1024/8192/8192,graph,92,24.0745,14.6285,24.1242,24.0745,
25,8,131072,8192,hyprefill,1024/8192/8192,graph,93,23.7219,14.0793,23.7672,23.7219,
25,8,131072,8192,hyprefill,1024/8192/8192,graph,94,23.9991,14.6285,24.0482,23.9991,
25,8,131072,8192,hyprefill,1024/8192/8192,graph,95,23.9715,14.1111,24.0202,23.9715,
25,8,131072,8192,hyprefill,1024/8192/8192,graph,96,24.3743,14.1429,24.4213,24.3743,
25,8,131072,8192,hyprefill,1024/8192/8192,graph,97,23.5660,14.0793,23.6144,23.5660,
25,8,131072,8192,hyprefill,1024/8192/8192,graph,98,23.7542,14.3857,23.8008,23.7542,
25,8,131072,8192,hyprefill,1024/8192/8192,graph,99,24.0287,14.1111,24.0752,24.0287,
25,8,131072,8192,hyprefill,1024/8192/8192,graph,100,24.1328,14.1111,24.1778,24.1328,
25,8,131072,8192,hyprefill,1024/8192/8192,graph,101,23.9524,14.1111,23.9984,23.9524,
25,8,131072,8192,hyprefill,1024/8192/8192,graph,102,24.3276,14.6603,24.3737,24.3276,
25,8,131072,8192,hyprefill,1024/8192/8192,graph,103,23.8578,14.0793,23.9044,23.8578,
25,8,131072,8192,hyprefill,1024/8192/8192,graph,104,24.0372,14.1111,24.0897,24.0372,
25,8,131072,8192,hyprefill,1024/8192/8192,graph,105,24.4855,14.1429,24.5314,24.4855,
25,8,131072,8192,hyprefill,1024/8192/8192,graph,106,24.4876,14.1429,24.5329,24.4876,
25,8,131072,8192,hyprefill,1024/8192/8192,graph,107,24.0585,14.1111,24.0995,24.0585,
25,8,131072,8192,hyprefill,1024/8192/8192,graph,108,24.5051,14.1429,24.5517,24.5051,
25,8,131072,8192,hyprefill,1024/8192/8192,graph,109,24.0605,13.8047,24.1058,24.0605,
25,8,131072,8192,hyprefill,1024/8192/8192,graph,110,23.9701,14.4175,24.0164,23.9701,
25,8,131072,8192,hyprefill,1024/8192/8192,graph,111,24.0118,14.1111,24.0650,24.0118,
25,8,131072,8192,hyprefill,1024/8192/8192,graph,112,24.0330,14.6285,24.0800,24.0330,
25,8,131072,8192,hyprefill,1024/8192/8192,graph,113,24.0309,14.6285,24.0773,24.0309,
25,8,131072,8192,hyprefill,1024/8192/8192,graph,114,24.1953,14.1111,24.2423,24.1953,
25,8,131072,8192,hyprefill,1024/8192/8192,graph,115,24.1101,14.1111,24.1554,24.1101,
25,8,131072,8192,hyprefill,1024/8192/8192,graph,116,24.4107,13.8365,24.4606,24.4107,
25,8,131072,8192,hyprefill,1024/8192/8192,graph,117,24.3335,14.6603,24.3840,24.3335,
25,8,131072,8192,hyprefill,1024/8192/8192,graph,118,24.1175,14.3220,24.1633,24.1175,
25,8,131072,8192,hyprefill,1024/8192/8192,graph,119,24.2706,14.6603,24.3173,24.2706,
25,8,131072,8192,hyprefill,1024/8192/8192,graph,120,24.0737,14.1111,24.1196,24.0737,
25,8,131072,8192,hyprefill,1024/8192/8192,graph,121,23.6731,14.3857,23.7192,23.6731,
25,8,131072,8192,hyprefill,1024/8192/8192,graph,122,24.0333,14.1111,24.0796,24.0333,
25,8,131072,8192,hyprefill,1024/8192/8192,graph,123,23.9753,14.1111,24.0229,23.9753,
25,8,131072,8192,hyprefill,1024/8192/8192,graph,124,24.3912,13.8365,24.4366,24.3912,
25,8,131072,8192,hyprefill,1024/8192/8192,graph,125,24.3533,14.1429,24.3987,24.3533,
25,8,131072,8192,hyprefill,1024/8192/8192,graph,126,24.4434,14.1429,24.4908,24.4434,
25,8,131072,8192,hyprefill,1024/8192/8192,graph,127,24.0518,14.1111,24.0984,24.0518,
25,8,131072,8192,hyprefill,1024/8192/8192,graph,128,23.7629,14.3857,23.8096,23.7629,
25,8,131072,8192,hyprefill,1024/8192/8192,graph,129,24.2217,14.1111,24.2757,24.2217,
25,8,131072,8192,hyprefill,1024/8192/8192,graph,130,24.2725,14.1111,24.3189,24.2725,
25,8,131072,8192,hyprefill,1024/8192/8192,graph,131,24.3139,13.8365,24.3613,24.3139,
25,8,131072,8192,hyprefill,1024/8192/8192,graph,132,24.0032,14.6285,24.0583,24.0032,
25,8,131072,8192,hyprefill,1024/8192/8192,graph,133,24.1321,14.3220,24.1786,24.1321,
25,8,131072,8192,hyprefill,1024/8192/8192,graph,134,23.9012,14.1111,23.9471,23.9012,
25,8,131072,8192,hyprefill,1024/8192/8192,graph,135,23.7526,14.1111,23.7972,23.7526,
25,8,131072,8192,hyprefill,1024/8192/8192,graph,136,23.5858,14.3857,23.6318,23.5858,
25,8,131072,8192,hyprefill,1024/8192/8192,graph,137,24.0243,14.1111,24.0700,24.0243,
25,8,131072,8192,hyprefill,1024/8192/8192,graph,138,24.3202,14.1429,24.3671,24.3202,
25,8,131072,8192,hyprefill,1024/8192/8192,graph,139,24.0050,13.8047,24.0480,24.0050,
25,8,131072,8192,hyprefill,1024/8192/8192,graph,140,23.9269,14.4175,23.9730,23.9269,
25,8,131072,8192,hyprefill,1024/8192/8192,graph,141,24.0811,14.1111,24.1275,24.0811,
25,8,131072,8192,hyprefill,1024/8192/8192,graph,142,24.0849,14.1111,24.1308,24.0849,
25,8,131072,8192,hyprefill,1024/8192/8192,graph,143,23.8820,14.1111,23.9266,23.8820,
25,8,131072,8192,hyprefill,1024/8192/8192,graph,144,23.9804,14.1111,24.0258,23.9804,
25,8,131072,8192,hyprefill,1024/8192/8192,graph,145,24.0387,14.1111,24.0857,24.0387,
25,8,131072,8192,hyprefill,1024/8192/8192,graph,146,24.2877,13.8365,24.3310,24.2877,
25,8,131072,8192,hyprefill,1024/8192/8192,graph,147,24.3009,14.6603,24.3480,24.3009,
25,8,131072,8192,hyprefill,1024/8192/8192,graph,148,23.5203,14.0793,23.5656,23.5203,
25,8,131072,8192,hyprefill,1024/8192/8192,graph,149,24.3161,14.6603,24.3627,24.3161,
25,8,131072,8192,hyprefill,1024/8192/8192,graph,150,23.5769,14.0793,23.6205,23.5769,
25,8,131072,8192,hyprefill,1024/8192/8192,graph,151,23.9782,14.6285,24.0237,23.9782,
25,8,131072,8192,hyprefill,1024/8192/8192,graph,152,23.9949,13.8047,24.0493,23.9949,
25,8,131072,8192,hyprefill,1024/8192/8192,graph,153,24.3830,14.1429,24.4407,24.3830,
25,8,131072,8192,hyprefill,1024/8192/8192,graph,154,24.2049,13.8365,24.2620,24.2049,
25,8,131072,8192,hyprefill,1024/8192/8192,graph,155,23.7544,14.4175,23.8066,23.7544,
25,8,131072,8192,hyprefill,1024/8192/8192,graph,156,24.3648,13.8365,24.4133,24.3648,
25,8,131072,8192,hyprefill,1024/8192/8192,graph,157,23.8892,14.4175,23.9376,23.8892,
25,8,131072,8192,hyprefill,1024/8192/8192,graph,158,23.9840,14.1111,24.0294,23.9840,
25,8,131072,8192,hyprefill,1024/8192/8192,graph,159,24.0023,14.4175,24.0494,24.0023,
25,8,131072,8192,hyprefill,1024/8192/8192,graph,160,24.1573,13.8047,24.2131,24.1573,
25,8,131072,8192,hyprefill,1024/8192/8192,graph,161,23.9476,14.1111,23.9975,23.9476,
25,8,131072,8192,hyprefill,1024/8192/8192,graph,162,23.5836,14.0793,23.6284,23.5836,
25,8,131072,8192,hyprefill,1024/8192/8192,graph,163,23.9752,14.6285,24.0245,23.9752,
25,8,131072,8192,hyprefill,1024/8192/8192,graph,164,23.8944,14.1111,23.9401,23.8944,
25,8,131072,8192,hyprefill,1024/8192/8192,graph,165,23.8778,14.6285,23.9264,23.8778,
25,8,131072,8192,hyprefill,1024/8192/8192,graph,166,24.1657,14.6285,24.2110,24.1657,
25,8,131072,8192,hyprefill,1024/8192/8192,graph,167,24.2008,13.8365,24.2484,24.2008,
25,8,131072,8192,hyprefill,1024/8192/8192,graph,168,23.9713,14.4175,24.0191,23.9713,
25,8,131072,8192,hyprefill,1024/8192/8192,graph,169,24.3008,13.5301,24.3485,24.3008,
25,8,131072,8192,hyprefill,1024/8192/8192,graph,170,24.1570,14.9667,24.2080,24.1570,
25,8,131072,8192,hyprefill,1024/8192/8192,graph,171,23.5837,13.5619,23.6335,23.5837,
25,8,131072,8192,hyprefill,1024/8192/8192,graph,172,24.2962,14.6603,24.3391,24.2962,
25,8,131072,8192,hyprefill,1024/8192/8192,graph,173,24.1271,14.1111,24.1749,24.1271,
25,8,131072,8192,hyprefill,1024/8192/8192,graph,174,23.9372,14.4175,23.9927,23.9372,
25,8,131072,8192,hyprefill,1024/8192/8192,graph,175,24.0760,14.1111,24.1244,24.0760,
25,8,131072,8192,hyprefill,1024/8192/8192,graph,176,23.8456,14.1111,23.8922,23.8456,
25,8,131072,8192,hyprefill,1024/8192/8192,graph,177,23.9887,14.6285,24.0363,23.9887,
25,8,131072,8192,hyprefill,1024/8192/8192,graph,178,23.4194,14.0793,23.4653,23.4194,
25,8,131072,8192,hyprefill,1024/8192/8192,graph,179,23.8717,14.1111,23.9184,23.8717,
25,8,131072,8192,hyprefill,1024/8192/8192,graph,180,23.5525,14.0793,23.5966,23.5525,
25,8,131072,8192,hyprefill,1024/8192/8192,graph,181,23.9155,14.6285,23.9714,23.9155,
25,8,131072,8192,hyprefill,1024/8192/8192,graph,182,24.0764,13.8047,24.1367,24.0764,
25,8,131072,8192,hyprefill,1024/8192/8192,graph,183,23.9101,14.4175,23.9662,23.9101,
25,8,131072,8192,hyprefill,1024/8192/8192,graph,184,24.4001,13.8365,24.4570,24.4001,
25,8,131072,8192,hyprefill,1024/8192/8192,graph,185,24.1349,14.9667,24.1888,24.1349,
25,8,131072,8192,hyprefill,1024/8192/8192,graph,186,24.1020,13.8047,24.1518,24.1020,
25,8,131072,8192,hyprefill,1024/8192/8192,graph,187,24.2458,14.6603,24.2917,24.2458,
25,8,131072,8192,hyprefill,1024/8192/8192,graph,188,23.5508,13.5619,23.5976,23.5508,
25,8,131072,8192,hyprefill,1024/8192/8192,graph,189,23.8507,14.4175,23.8975,23.8507,
25,8,131072,8192,hyprefill,1024/8192/8192,graph,190,23.6542,13.5619,23.6989,23.6542,
25,8,131072,8192,hyprefill,1024/8192/8192,graph,191,23.5669,14.3857,23.6120,23.5669,
25,8,131072,8192,hyprefill,1024/8192/8192,graph,192,23.4576,14.0793,23.5019,23.4576,
25,8,131072,8192,hyprefill,1024/8192/8192,graph,193,23.9750,14.1111,24.0200,23.9750,
25,8,131072,8192,hyprefill,1024/8192/8192,graph,194,23.8510,14.1111,23.8962,23.8510,
25,8,131072,8192,hyprefill,1024/8192/8192,graph,195,24.0699,14.6285,24.1146,24.0699,
25,8,131072,8192,hyprefill,1024/8192/8192,graph,196,24.0128,14.6285,24.0691,24.0128,
25,8,131072,8192,hyprefill,1024/8192/8192,graph,197,23.6596,14.0793,23.7067,23.6596,
25,8,131072,8192,hyprefill,1024/8192/8192,graph,198,23.9995,14.1111,24.0446,23.9995,
25,8,131072,8192,hyprefill,1024/8192/8192,graph,199,24.3256,13.8365,24.3726,24.3256,
25,8,131072,8192,hyprefill,2048/6144/6144,graph,0,23.7698,14.5648,23.8321,23.7698,
25,8,131072,8192,hyprefill,2048/6144/6144,graph,1,23.4374,14.0156,23.4833,23.4374,
25,8,131072,8192,hyprefill,2048/6144/6144,graph,2,23.5369,13.7410,23.5820,23.5369,
25,8,131072,8192,hyprefill,2048/6144/6144,graph,3,23.9974,15.1140,24.0440,23.9974,
25,8,131072,8192,hyprefill,2048/6144/6144,graph,4,23.8362,13.7410,23.8816,23.8362,
25,8,131072,8192,hyprefill,2048/6144/6144,graph,5,23.6324,14.5648,23.6766,23.6324,
25,8,131072,8192,hyprefill,2048/6144/6144,graph,6,23.9337,14.2902,23.9787,23.9337,
25,8,131072,8192,hyprefill,2048/6144/6144,graph,7,23.7224,14.5648,23.7685,23.7224,
25,8,131072,8192,hyprefill,2048/6144/6144,graph,8,23.7620,14.5330,23.8060,23.7620,
25,8,131072,8192,hyprefill,2048/6144/6144,graph,9,23.6299,14.5648,23.6759,23.6299,
25,8,131072,8192,hyprefill,2048/6144/6144,graph,10,23.2396,14.2902,23.2933,23.2396,
25,8,131072,8192,hyprefill,2048/6144/6144,graph,11,23.9399,14.2902,23.9917,23.9399,
25,8,131072,8192,hyprefill,2048/6144/6144,graph,12,23.8728,14.2584,23.9207,23.8728,
25,8,131072,8192,hyprefill,2048/6144/6144,graph,13,24.0879,15.1140,24.1362,24.0879,
25,8,131072,8192,hyprefill,2048/6144/6144,graph,14,24.1612,13.4665,24.2066,24.1612,
25,8,131072,8192,hyprefill,2048/6144/6144,graph,15,23.6472,14.5648,23.6933,23.6472,
25,8,131072,8192,hyprefill,2048/6144/6144,graph,16,23.9319,14.2902,23.9767,23.9319,
25,8,131072,8192,hyprefill,2048/6144/6144,graph,17,24.1460,14.2902,24.1910,24.1460,
25,8,131072,8192,hyprefill,2048/6144/6144,graph,18,23.3387,14.8076,23.3865,23.3387,
25,8,131072,8192,hyprefill,2048/6144/6144,graph,19,23.9609,14.2902,24.0067,23.9609,
25,8,131072,8192,hyprefill,2048/6144/6144,graph,20,23.7891,14.5648,23.8352,23.7891,
25,8,131072,8192,hyprefill,2048/6144/6144,graph,21,23.9708,14.2902,24.0223,23.9708,
25,8,131072,8192,hyprefill,2048/6144/6144,graph,22,22.8450,14.2584,22.8957,22.8450,
25,8,131072,8192,hyprefill,2048/6144/6144,graph,23,22.0216,15.0822,22.0679,22.0216,
25,8,131072,8192,hyprefill,2048/6144/6144,graph,24,23.8432,13.7410,23.8897,23.8432,
25,8,131072,8192,hyprefill,2048/6144/6144,graph,25,23.5698,14.5648,23.6157,23.5698,
25,8,131072,8192,hyprefill,2048/6144/6144,graph,26,23.9025,14.2902,23.9496,23.9025,
25,8,131072,8192,hyprefill,2048/6144/6144,graph,27,23.6763,14.5330,23.7199,23.6763,
25,8,131072,8192,hyprefill,2048/6144/6144,graph,28,23.5705,14.5330,23.6146,23.5705,
25,8,131072,8192,hyprefill,2048/6144/6144,graph,29,23.8222,13.7729,23.8704,23.8222,
25,8,131072,8192,hyprefill,2048/6144/6144,graph,30,23.8224,14.5648,23.8745,23.8224,
25,8,131072,8192,hyprefill,2048/6144/6144,graph,31,23.6824,14.5330,23.7346,23.6824,
25,8,131072,8192,hyprefill,2048/6144/6144,graph,32,23.7719,14.2584,23.8199,23.7719,
25,8,131072,8192,hyprefill,2048/6144/6144,graph,33,23.4012,14.8394,23.4502,23.4012,
25,8,131072,8192,hyprefill,2048/6144/6144,graph,34,23.8874,13.7410,23.9350,23.8874,
25,8,131072,8192,hyprefill,2048/6144/6144,graph,35,23.7911,14.5648,23.8388,23.7911,
25,8,131072,8192,hyprefill,2048/6144/6144,graph,36,23.9824,14.2902,24.0291,23.9824,
25,8,131072,8192,hyprefill,2048/6144/6144,graph,37,24.0011,14.2902,24.0534,24.0011,
25,8,131072,8192,hyprefill,2048/6144/6144,graph,38,24.1326,14.2584,24.1868,24.1326,
25,8,131072,8192,hyprefill,2048/6144/6144,graph,39,23.9351,13.7729,23.9879,23.9351,
25,8,131072,8192,hyprefill,2048/6144/6144,graph,40,23.8585,14.5648,23.9110,23.8585,
25,8,131072,8192,hyprefill,2048/6144/6144,graph,41,23.7186,14.5330,23.7689,23.7186,
25,8,131072,8192,hyprefill,2048/6144/6144,graph,42,23.6386,14.5330,23.6844,23.6386,
25,8,131072,8192,hyprefill,2048/6144/6144,graph,43,23.4947,14.5648,23.5470,23.4947,
25,8,131072,8192,hyprefill,2048/6144/6144,graph,44,23.6543,14.0156,23.7133,23.6543,
25,8,131072,8192,hyprefill,2048/6144/6144,graph,45,23.9970,14.2902,24.0459,23.9970,
25,8,131072,8192,hyprefill,2048/6144/6144,graph,46,23.4369,14.0156,23.4845,23.4369,
25,8,131072,8192,hyprefill,2048/6144/6144,graph,47,23.6649,14.5648,23.7129,23.6649,
25,8,131072,8192,hyprefill,2048/6144/6144,graph,48,24.0521,14.2902,24.1021,24.0521,
25,8,131072,8192,hyprefill,2048/6144/6144,graph,49,23.8648,13.7729,23.9215,23.8648,
25,8,131072,8192,hyprefill,2048/6144/6144,graph,50,23.8275,14.5648,23.8811,23.8275,
25,8,131072,8192,hyprefill,2048/6144/6144,graph,51,23.8500,14.2584,23.8984,23.8500,
25,8,131072,8192,hyprefill,2048/6144/6144,graph,52,23.7021,15.0822,23.7518,23.7021,
25,8,131072,8192,hyprefill,2048/6144/6144,graph,53,23.3125,14.8076,23.3669,23.3125,
25,8,131072,8192,hyprefill,2048/6144/6144,graph,54,23.7326,13.7410,23.7918,23.7326,
25,8,131072,8192,hyprefill,2048/6144/6144,graph,55,23.9473,15.1140,23.9997,23.9473,
25,8,131072,8192,hyprefill,2048/6144/6144,graph,56,23.8737,14.2902,23.9238,23.8737,
25,8,131072,8192,hyprefill,2048/6144/6144,graph,57,23.5860,14.0156,23.6354,23.5860,
25,8,131072,8192,hyprefill,2048/6144/6144,graph,58,24.0232,14.2902,24.0934,24.0232,
25,8,131072,8192,hyprefill,2048/6144/6144,graph,59,23.9484,13.7729,23.9951,23.9484,
25,8,131072,8192,hyprefill,2048/6144/6144,graph,60,23.1922,14.2902,23.2459,23.1922,
25,8,131072,8192,hyprefill,2048/6144/6144,graph,61,23.7233,14.5648,23.7710,23.7233,
25,8,131072,8192,hyprefill,2048/6144/6144,graph,62,23.8532,14.2584,23.9045,23.8532,
25,8,131072,8192,hyprefill,2048/6144/6144,graph,63,23.6723,14.8394,23.7225,23.6723,
25,8,131072,8192,hyprefill,2048/6144/6144,graph,64,23.7390,13.7410,23.7919,23.7390,
25,8,131072,8192,hyprefill,2048/6144/6144,graph,65,23.6222,15.3568,23.6711,23.6222,
25,8,131072,8192,hyprefill,2048/6144/6144,graph,66,23.6168,14.5330,23.6638,23.6168,
25,8,131072,8192,hyprefill,2048/6144/6144,graph,67,23.6964,14.5330,23.7458,23.6964,
25,8,131072,8192,hyprefill,2048/6144/6144,graph,68,23.5348,14.8076,23.5829,23.5348,
25,8,131072,8192,hyprefill,2048/6144/6144,graph,69,24.0008,13.7729,24.0484,24.0008,
25,8,131072,8192,hyprefill,2048/6144/6144,graph,70,23.5487,14.0156,23.5950,23.5487,
25,8,131072,8192,hyprefill,2048/6144/6144,graph,71,23.7361,14.5648,23.7842,23.7361,
25,8,131072,8192,hyprefill,2048/6144/6144,graph,72,23.8395,14.2584,23.8846,23.8395,
25,8,131072,8192,hyprefill,2048/6144/6144,graph,73,23.9080,15.1140,23.9585,23.9080,
25,8,131072,8192,hyprefill,2048/6144/6144,graph,74,23.9783,13.7410,24.0271,23.9783,
25,8,131072,8192,hyprefill,2048/6144/6144,graph,75,23.7528,14.5648,23.8002,23.7528,
25,8,131072,8192,hyprefill,2048/6144/6144,graph,76,22.8983,14.2584,22.9465,22.8983,
25,8,131072,8192,hyprefill,2048/6144/6144,graph,77,23.7881,14.5648,23.8357,23.7881,
25,8,131072,8192,hyprefill,2048/6144/6144,graph,78,23.7324,14.5330,23.7827,23.7324,
25,8,131072,8192,hyprefill,2048/6144/6144,graph,79,23.9687,13.7729,24.0186,23.9687,
25,8,131072,8192,hyprefill,2048/6144/6144,graph,80,23.8071,14.5648,23.8552,23.8071,
25,8,131072,8192,hyprefill,2048/6144/6144,graph,81,23.8195,13.7410,23.8676,23.8195,
25,8,131072,8192,hyprefill,2048/6144/6144,graph,82,23.8374,14.5648,23.8863,23.8374,
25,8,131072,8192,hyprefill,2048/6144/6144,graph,83,23.9566,14.2902,24.0049,23.9566,
25,8,131072,8192,hyprefill,2048/6144/6144,graph,84,24.0587,14.2902,24.1084,24.0587,
25,8,131072,8192,hyprefill,2048/6144/6144,graph,85,24.0941,14.2902,24.1431,24.0941,
25,8,131072,8192,hyprefill,2048/6144/6144,graph,86,23.7165,14.5648,23.7678,23.7165,
25,8,131072,8192,hyprefill,2048/6144/6144,graph,87,23.5226,14.5330,23.5720,23.5226,
25,8,131072,8192,hyprefill,2048/6144/6144,graph,88,23.9905,15.0822,24.0419,23.9905,
25,8,131072,8192,hyprefill,2048/6144/6144,graph,89,24.0156,14.2902,24.0648,24.0156,
25,8,131072,8192,hyprefill,2048/6144/6144,graph,90,23.8138,14.5648,23.8633,23.8138,
25,8,131072,8192,hyprefill,2048/6144/6144,graph,91,24.1103,14.2902,24.1586,24.1103,
25,8,131072,8192,hyprefill,2048/6144/6144,graph,92,23.5609,14.0156,23.6091,23.5609,
25,8,131072,8192,hyprefill,2048/6144/6144,graph,93,23.8346,14.5648,23.8839,23.8346,
25,8,131072,8192,hyprefill,2048/6144/6144,graph,94,23.7835,13.7410,23.8316,23.7835,
25,8,131072,8192,hyprefill,2048/6144/6144,graph,95,23.7764,14.5648,23.8253,23.7764,
25,8,131072,8192,hyprefill,2048/6144/6144,graph,96,23.9809,14.2902,24.0275,23.9809,
25,8,131072,8192,hyprefill,2048/6144/6144,graph,97,23.3163,14.8076,23.3641,23.3163,
25,8,131072,8192,hyprefill,2048/6144/6144,graph,98,23.5609,14.5330,23.6093,23.5609,
25,8,131072,8192,hyprefill,2048/6144/6144,graph,99,24.1096,14.2902,24.1589,24.1096,
25,8,131072,8192,hyprefill,2048/6144/6144,graph,100,23.8812,14.5648,23.9490,23.8812,
25,8,131072,8192,hyprefill,2048/6144/6144,graph,101,24.0594,14.2902,24.1066,24.0594,
25,8,131072,8192,hyprefill,2048/6144/6144,graph,102,23.9230,14.2902,23.9706,23.9230,
25,8,131072,8192,hyprefill,2048/6144/6144,graph,103,23.7749,14.5648,23.8217,23.7749,
25,8,131072,8192,hyprefill,2048/6144/6144,graph,104,23.7027,13.7410,23.7513,23.7027,
25,8,131072,8192,hyprefill,2048/6144/6144,graph,105,23.7868,14.5648,23.8354,23.7868,
25,8,131072,8192,hyprefill,2048/6144/6144,graph,106,24.0430,14.2902,24.0915,24.0430,
25,8,131072,8192,hyprefill,2048/6144/6144,graph,107,23.5694,14.5330,23.6126,23.5694,
25,8,131072,8192,hyprefill,2048/6144/6144,graph,108,23.5702,14.5330,23.6187,23.5702,
25,8,131072,8192,hyprefill,2048/6144/6144,graph,109,24.0615,14.2902,24.1091,24.0615,
25,8,131072,8192,hyprefill,2048/6144/6144,graph,110,24.2532,14.2902,24.3013,24.2532,
25,8,131072,8192,hyprefill,2048/6144/6144,graph,111,23.6003,14.0156,23.6471,23.6003,
25,8,131072,8192,hyprefill,2048/6144/6144,graph,112,24.0015,14.2902,24.0491,24.0015,
25,8,131072,8192,hyprefill,2048/6144/6144,graph,113,24.0412,14.2902,24.0880,24.0412,
25,8,131072,8192,hyprefill,2048/6144/6144,graph,114,23.9613,14.2902,24.0100,23.9613,
25,8,131072,8192,hyprefill,2048/6144/6144,graph,115,24.0669,14.2902,24.1131,24.0669,
25,8,131072,8192,hyprefill,2048/6144/6144,graph,116,24.0228,14.2902,24.0681,24.0228,
25,8,131072,8192,hyprefill,2048/6144/6144,graph,117,24.1522,14.8394,24.2015,24.1522,
25,8,131072,8192,hyprefill,2048/6144/6144,graph,118,23.7862,14.2902,23.8363,23.7862,
25,8,131072,8192,hyprefill,2048/6144/6144,graph,119,24.1437,14.2902,24.1905,24.1437,
25,8,131072,8192,hyprefill,2048/6144/6144,graph,120,23.8032,14.5648,23.8546,23.8032,
25,8,131072,8192,hyprefill,2048/6144/6144,graph,121,23.3179,14.0156,23.3679,23.3179,
25,8,131072,8192,hyprefill,2048/6144/6144,graph,122,23.2729,14.2902,23.3238,23.2729,
25,8,131072,8192,hyprefill,2048/6144/6144,graph,123,23.9378,14.2902,23.9850,23.9378,
25,8,131072,8192,hyprefill,2048/6144/6144,graph,124,23.2628,14.0156,23.3110,23.2628,
25,8,131072,8192,hyprefill,2048/6144/6144,graph,125,23.7176,14.5648,23.7674,23.7176,
25,8,131072,8192,hyprefill,2048/6144/6144,graph,126,23.7496,14.5648,23.7983,23.7496,
25,8,131072,8192,hyprefill,2048/6144/6144,graph,127,24.1580,14.0156,24.2068,24.1580,
25,8,131072,8192,hyprefill,2048/6144/6144,graph,128,24.1421,14.2902,24.1930,24.1421,
25,8,131072,8192,hyprefill,2048/6144/6144,graph,129,23.5810,14.5648,23.6308,23.5810,
25,8,131072,8192,hyprefill,2048/6144/6144,graph,130,23.7109,14.5330,23.7584,23.7109,
25,8,131072,8192,hyprefill,2048/6144/6144,graph,131,23.6121,14.5330,23.6583,23.6121,
25,8,131072,8192,hyprefill,2048/6144/6144,graph,132,23.9317,14.5648,23.9810,23.9317,
25,8,131072,8192,hyprefill,2048/6144/6144,graph,133,23.2875,14.0156,23.3341,23.2875,
25,8,131072,8192,hyprefill,2048/6144/6144,graph,134,23.9653,14.2902,24.0171,23.9653,
25,8,131072,8192,hyprefill,2048/6144/6144,graph,135,24.0351,14.2902,24.0813,24.0351,
25,8,131072,8192,hyprefill,2048/6144/6144,graph,136,23.8490,14.5648,23.8967,23.8490,
25,8,131072,8192,hyprefill,2048/6144/6144,graph,137,23.7567,14.2902,23.8041,23.7567,
25,8,131072,8192,hyprefill,2048/6144/6144,graph,138,23.5044,14.0156,23.5525,23.5044,
25,8,131072,8192,hyprefill,2048/6144/6144,graph,139,23.6747,14.5648,23.7209,23.6747,
25,8,131072,8192,hyprefill,2048/6144/6144,graph,140,22.5594,14.5330,22.6079,22.5594,
25,8,131072,8192,hyprefill,2048/6144/6144,graph,141,23.9088,14.2902,23.9569,23.9088,
25,8,131072,8192,hyprefill,2048/6144/6144,graph,142,23.8542,14.5648,23.9112,23.8542,
25,8,131072,8192,hyprefill,2048/6144/6144,graph,143,23.9082,14.2902,23.9551,23.9082,
25,8,131072,8192,hyprefill,2048/6144/6144,graph,144,23.6162,14.5330,23.6627,23.6162,
25,8,131072,8192,hyprefill,2048/6144/6144,graph,145,23.7414,14.5648,23.7934,23.7414,
25,8,131072,8192,hyprefill,2048/6144/6144,graph,146,23.9035,13.7410,23.9490,23.9035,
25,8,131072,8192,hyprefill,2048/6144/6144,graph,147,23.5025,14.5648,23.5490,23.5025,
25,8,131072,8192,hyprefill,2048/6144/6144,graph,148,23.7473,13.7410,23.7994,23.7473,
25,8,131072,8192,hyprefill,2048/6144/6144,graph,149,23.9912,15.1140,24.0376,23.9912,
25,8,131072,8192,hyprefill,2048/6144/6144,graph,150,23.4764,14.0156,23.5245,23.4764,
25,8,131072,8192,hyprefill,2048/6144/6144,graph,151,24.0122,14.2902,24.0615,24.0122,
25,8,131072,8192,hyprefill,2048/6144/6144,graph,152,24.0191,14.2902,24.0711,24.0191,
25,8,131072,8192,hyprefill,2048/6144/6144,graph,153,23.9895,14.2902,24.0395,23.9895,
25,8,131072,8192,hyprefill,2048/6144/6144,graph,154,23.5788,14.5330,23.6279,23.5788,
25,8,131072,8192,hyprefill,2048/6144/6144,graph,155,23.8467,14.5648,23.8952,23.8467,
25,8,131072,8192,hyprefill,2048/6144/6144,graph,156,24.0720,14.2902,24.1213,24.0720,
25,8,131072,8192,hyprefill,2048/6144/6144,graph,157,23.6308,14.5648,23.6789,23.6308,
25,8,131072,8192,hyprefill,2048/6144/6144,graph,158,23.9684,14.2902,24.0175,23.9684,
25,8,131072,8192,hyprefill,2048/6144/6144,graph,159,23.7423,14.5648,23.7933,23.7423,
25,8,131072,8192,hyprefill,2048/6144/6144,graph,160,23.9269,14.2902,23.9797,23.9269,
25,8,131072,8192,hyprefill,2048/6144/6144,graph,161,24.0598,14.2902,24.1076,24.0598,
25,8,131072,8192,hyprefill,2048/6144/6144,graph,162,23.7605,14.5648,23.8105,23.7605,
25,8,131072,8192,hyprefill,2048/6144/6144,graph,163,24.0134,14.2902,24.0621,24.0134,
25,8,131072,8192,hyprefill,2048/6144/6144,graph,164,23.8509,14.2584,23.8979,23.8509,
25,8,131072,8192,hyprefill,2048/6144/6144,graph,165,23.9230,15.0822,23.9674,23.9230,
25,8,131072,8192,hyprefill,2048/6144/6144,graph,166,23.8690,13.7410,23.9176,23.8690,
25,8,131072,8192,hyprefill,2048/6144/6144,graph,167,23.8887,15.1140,23.9363,23.8887,
25,8,131072,8192,hyprefill,2048/6144/6144,graph,168,23.6669,13.7410,23.7161,23.6669,
25,8,131072,8192,hyprefill,2048/6144/6144,graph,169,23.7721,14.5648,23.8215,23.7721,
25,8,131072,8192,hyprefill,2048/6144/6144,graph,170,23.7962,14.2902,23.8527,23.7962,
25,8,131072,8192,hyprefill,2048/6144/6144,graph,171,23.6436,13.7410,23.6938,23.6436,
25,8,131072,8192,hyprefill,2048/6144/6144,graph,172,23.8927,14.5648,23.9375,23.8927,
25,8,131072,8192,hyprefill,2048/6144/6144,graph,173,23.4562,14.0156,23.5037,23.4562,
25,8,131072,8192,hyprefill,2048/6144/6144,graph,174,23.9577,14.2902,24.0072,23.9577,
25,8,131072,8192,hyprefill,2048/6144/6144,graph,175,23.8444,14.5648,23.8936,23.8444,
25,8,131072,8192,hyprefill,2048/6144/6144,graph,176,23.3641,13.9838,23.4112,23.3641,
25,8,131072,8192,hyprefill,2048/6144/6144,graph,177,23.6162,14.5648,23.6636,23.6162,
25,8,131072,8192,hyprefill,2048/6144/6144,graph,178,23.5531,14.0156,23.6011,23.5531,
25,8,131072,8192,hyprefill,2048/6144/6144,graph,179,24.0419,14.2902,24.0937,24.0419,
25,8,131072,8192,hyprefill,2048/6144/6144,graph,180,23.7987,15.0822,23.8485,23.7987,
25,8,131072,8192,hyprefill,2048/6144/6144,graph,181,23.9770,14.2902,24.0303,23.9770,
25,8,131072,8192,hyprefill,2048/6144/6144,graph,182,23.8163,14.5648,23.8668,23.8163,
25,8,131072,8192,hyprefill,2048/6144/6144,graph,183,24.1197,14.2902,24.1689,24.1197,
25,8,131072,8192,hyprefill,2048/6144/6144,graph,184,23.9531,14.2902,24.0028,23.9531,
25,8,131072,8192,hyprefill,2048/6144/6144,graph,185,24.1076,14.2584,24.1544,24.1076,
25,8,131072,8192,hyprefill,2048/6144/6144,graph,186,23.7634,14.5648,23.8184,23.7634,
25,8,131072,8192,hyprefill,2048/6144/6144,graph,187,23.9983,14.2584,24.0463,23.9983,
25,8,131072,8192,hyprefill,2048/6144/6144,graph,188,23.7459,14.5648,23.8010,23.7459,
25,8,131072,8192,hyprefill,2048/6144/6144,graph,189,23.7572,13.7410,23.8161,23.7572,
25,8,131072,8192,hyprefill,2048/6144/6144,graph,190,23.9057,15.1140,23.9574,23.9057,
25,8,131072,8192,hyprefill,2048/6144/6144,graph,191,23.8217,13.7410,23.8712,23.8217,
25,8,131072,8192,hyprefill,2048/6144/6144,graph,192,23.8404,14.5648,23.8880,23.8404,
25,8,131072,8192,hyprefill,2048/6144/6144,graph,193,23.0355,14.2584,23.0835,23.0355,
25,8,131072,8192,hyprefill,2048/6144/6144,graph,194,23.5891,14.5648,23.6381,23.5891,
25,8,131072,8192,hyprefill,2048/6144/6144,graph,195,23.7828,14.5330,23.8732,23.7828,
25,8,131072,8192,hyprefill,2048/6144/6144,graph,196,23.7951,14.5648,23.8437,23.7951,
25,8,131072,8192,hyprefill,2048/6144/6144,graph,197,23.9946,14.2584,24.0423,23.9946,
25,8,131072,8192,hyprefill,2048/6144/6144,graph,198,23.7915,14.5648,23.8400,23.7915,
25,8,131072,8192,hyprefill,2048/6144/6144,graph,199,23.8427,13.7410,23.8980,23.8427,
25,8,131072,8192,hyprefill,1024/6144/6144,graph,0,24.2412,14.9031,24.3134,24.2412,
25,8,131072,8192,hyprefill,1024/6144/6144,graph,1,24.1880,14.3220,24.2348,24.1880,
25,8,131072,8192,hyprefill,1024/6144/6144,graph,2,23.8407,15.1776,23.8902,23.8407,
25,8,131072,8192,hyprefill,1024/6144/6144,graph,3,23.9797,14.3539,24.0280,23.9797,
25,8,131072,8192,hyprefill,1024/6144/6144,graph,4,24.2697,14.6603,24.3171,24.2697,
25,8,131072,8192,hyprefill,1024/6144/6144,graph,5,24.3583,13.8365,24.4063,24.3583,
25,8,131072,8192,hyprefill,1024/6144/6144,graph,6,24.3084,14.4175,24.3583,24.3084,
25,8,131072,8192,hyprefill,1024/6144/6144,graph,7,24.2750,13.8365,24.3226,24.2750,
25,8,131072,8192,hyprefill,1024/6144/6144,graph,8,24.2925,14.4175,24.3396,24.2925,
25,8,131072,8192,hyprefill,1024/6144/6144,graph,9,23.9761,14.1111,24.0234,23.9761,
25,8,131072,8192,hyprefill,1024/6144/6144,graph,10,24.1557,14.6603,24.2045,24.1557,
25,8,131072,8192,hyprefill,1024/6144/6144,graph,11,24.1956,14.1111,24.2436,24.1956,
25,8,131072,8192,hyprefill,1024/6144/6144,graph,12,24.1492,14.1111,24.1980,24.1492,
25,8,131072,8192,hyprefill,1024/6144/6144,graph,13,23.9134,14.3539,23.9597,23.9134,
25,8,131072,8192,hyprefill,1024/6144/6144,graph,14,24.0828,14.9031,24.1376,24.0828,
25,8,131072,8192,hyprefill,1024/6144/6144,graph,15,24.2597,14.6603,24.3127,24.2597,
25,8,131072,8192,hyprefill,1024/6144/6144,graph,16,24.1718,14.6603,24.2213,24.1718,
25,8,131072,8192,hyprefill,1024/6144/6144,graph,17,23.9144,14.3539,23.9621,23.9144,
25,8,131072,8192,hyprefill,1024/6144/6144,graph,18,24.0280,14.3539,24.0765,24.0280,
25,8,131072,8192,hyprefill,1024/6144/6144,graph,19,24.2072,14.9031,24.2554,24.2072,
25,8,131072,8192,hyprefill,1024/6144/6144,graph,20,23.8306,14.1111,23.8808,23.8306,
25,8,131072,8192,hyprefill,1024/6144/6144,graph,21,24.1013,14.6603,24.1495,24.1013,
25,8,131072,8192,hyprefill,1024/6144/6144,graph,22,23.8687,14.1111,23.9200,23.8687,
25,8,131072,8192,hyprefill,1024/6144/6144,graph,23,24.2028,14.4175,24.2520,24.2028,
25,8,131072,8192,hyprefill,1024/6144/6144,graph,24,24.3567,13.8365,24.4175,24.3567,
25,8,131072,8192,hyprefill,1024/6144/6144,graph,25,24.1704,14.6603,24.2204,24.1704,
25,8,131072,8192,hyprefill,1024/6144/6144,graph,26,24.0520,14.1111,24.1041,24.0520,
25,8,131072,8192,hyprefill,1024/6144/6144,graph,27,24.0628,14.6603,24.1133,24.0628,
25,8,131072,8192,hyprefill,1024/6144/6144,graph,28,23.8262,14.1111,23.8749,23.8262,
25,8,131072,8192,hyprefill,1024/6144/6144,graph,29,24.0752,14.6603,24.1239,24.0752,
25,8,131072,8192,hyprefill,1024/6144/6144,graph,30,23.8382,14.3539,23.8917,23.8382,
25,8,131072,8192,hyprefill,1024/6144/6144,graph,31,23.8771,14.5966,23.9241,23.8771,
25,8,131072,8192,hyprefill,1024/6144/6144,graph,32,24.1134,14.9031,24.1657,24.1134,
25,8,131072,8192,hyprefill,1024/6144/6144,graph,33,23.9601,14.1111,24.0123,23.9601,
25,8,131072,8192,hyprefill,1024/6144/6144,graph,34,24.0926,14.6603,24.1410,24.0926,
25,8,131072,8192,hyprefill,1024/6144/6144,graph,35,23.8061,14.1111,23.8528,23.8061,
25,8,131072,8192,hyprefill,1024/6144/6144,graph,36,24.1113,14.4175,24.1601,24.1113,
25,8,131072,8192,hyprefill,1024/6144/6144,graph,37,23.9228,14.1111,23.9703,23.9228,
25,8,131072,8192,hyprefill,1024/6144/6144,graph,38,23.9034,14.1111,23.9513,23.9034,
25,8,131072,8192,hyprefill,1024/6144/6144,graph,39,23.8352,14.1111,23.8822,23.8352,
25,8,131072,8192,hyprefill,1024/6144/6144,graph,40,24.0948,14.6603,24.1431,24.0948,
25,8,131072,8192,hyprefill,1024/6144/6144,graph,41,24.1856,14.6603,24.2346,24.1856,
25,8,131072,8192,hyprefill,1024/6144/6144,graph,42,23.7820,14.1111,23.8241,23.7820,
25,8,131072,8192,hyprefill,1024/6144/6144,graph,43,24.1588,14.9031,24.2053,24.1588,
25,8,131072,8192,hyprefill,1024/6144/6144,graph,44,23.8886,14.5966,23.9345,23.8886,
25,8,131072,8192,hyprefill,1024/6144/6144,graph,45,23.9556,14.3539,23.9994,23.9556,
25,8,131072,8192,hyprefill,1024/6144/6144,graph,46,24.1352,14.6603,24.1825,24.1352,
25,8,131072,8192,hyprefill,1024/6144/6144,graph,47,24.1610,14.6603,24.2071,24.1610,
25,8,131072,8192,hyprefill,1024/6144/6144,graph,48,23.8202,14.3539,23.8718,23.8202,
25,8,131072,8192,hyprefill,1024/6144/6144,graph,49,24.3223,14.6603,24.3671,24.3223,
25,8,131072,8192,hyprefill,1024/6144/6144,graph,50,24.2689,13.8365,24.3151,24.2689,
25,8,131072,8192,hyprefill,1024/6144/6144,graph,51,23.8285,14.1111,23.8735,23.8285,
25,8,131072,8192,hyprefill,1024/6144/6144,graph,52,24.1437,14.6603,24.1912,24.1437,
25,8,131072,8192,hyprefill,1024/6144/6144,graph,53,24.1791,14.6603,24.2244,24.1791,
25,8,131072,8192,hyprefill,1024/6144/6144,graph,54,23.8185,14.1111,23.8654,23.8185,
25,8,131072,8192,hyprefill,1024/6144/6144,graph,55,24.0311,14.6603,24.0786,24.0311,
25,8,131072,8192,hyprefill,1024/6144/6144,graph,56,24.3122,14.0793,24.3570,24.3122,
25,8,131072,8192,hyprefill,1024/6144/6144,graph,57,24.0851,15.1458,24.1314,24.0851,
25,8,131072,8192,hyprefill,1024/6144/6144,graph,58,23.9997,14.3539,24.0446,23.9997,
25,8,131072,8192,hyprefill,1024/6144/6144,graph,59,24.1053,14.6603,24.1520,24.1053,
25,8,131072,8192,hyprefill,1024/6144/6144,graph,60,24.1173,14.6603,24.1664,24.1173,
25,8,131072,8192,hyprefill,1024/6144/6144,graph,61,23.8330,14.3539,23.8780,23.8330,
25,8,131072,8192,hyprefill,1024/6144/6144,graph,62,24.2623,14.9031,24.3083,24.2623,
25,8,131072,8192,hyprefill,1024/6144/6144,graph,63,24.0989,13.8365,24.1438,24.0989,
25,8,131072,8192,hyprefill,1024/6144/6144,graph,64,24.2051,14.4175,24.2518,24.2051,
25,8,131072,8192,hyprefill,1024/6144/6144,graph,65,24.1606,13.8365,24.2071,24.1606,
25,8,131072,8192,hyprefill,1024/6144/6144,graph,66,24.0948,15.4841,24.1429,24.0948,
25,8,131072,8192,hyprefill,1024/6144/6144,graph,67,24.2926,13.8365,24.3386,24.2926,
25,8,131072,8192,hyprefill,1024/6144/6144,graph,68,24.0502,14.6603,24.0975,24.0502,
25,8,131072,8192,hyprefill,1024/6144/6144,graph,69,24.1045,14.0793,24.1493,24.1045,
25,8,131072,8192,hyprefill,1024/6144/6144,graph,70,23.6989,14.6285,23.7521,23.6989,
25,8,131072,8192,hyprefill,1024/6144/6144,graph,71,23.8595,14.3539,23.9049,23.8595,
25,8,131072,8192,hyprefill,1024/6144/6144,graph,72,24.1933,14.6603,24.2396,24.1933,
25,8,131072,8192,hyprefill,1024/6144/6144,graph,73,23.8293,14.1111,23.8749,23.8293,
25,8,131072,8192,hyprefill,1024/6144/6144,graph,74,24.3147,14.9031,24.3628,24.3147,
25,8,131072,8192,hyprefill,1024/6144/6144,graph,75,23.9580,14.3539,24.0092,23.9580,
25,8,131072,8192,hyprefill,1024/6144/6144,graph,76,23.8578,14.1111,23.9066,23.8578,
25,8,131072,8192,hyprefill,1024/6144/6144,graph,77,24.1792,14.4175,24.2263,24.1792,
25,8,131072,8192,hyprefill,1024/6144/6144,graph,78,23.9965,14.1111,24.0447,23.9965,
25,8,131072,8192,hyprefill,1024/6144/6144,graph,79,24.3920,14.3857,24.4362,24.3920,
25,8,131072,8192,hyprefill,1024/6144/6144,graph,80,24.1787,14.6603,24.2254,24.1787,
25,8,131072,8192,hyprefill,1024/6144/6144,graph,81,23.8644,14.1111,23.9101,23.8644,
25,8,131072,8192,hyprefill,1024/6144/6144,graph,82,24.2956,14.0793,24.3422,24.2956,
25,8,131072,8192,hyprefill,1024/6144/6144,graph,83,24.1941,14.9031,24.8816,24.1941,
25,8,131072,8192,hyprefill,1024/6144/6144,graph,84,24.1968,14.9031,24.2440,24.1968,
25,8,131072,8192,hyprefill,1024/6144/6144,graph,85,24.0687,14.6603,24.1195,24.0687,
25,8,131072,8192,hyprefill,1024/6144/6144,graph,86,24.1951,14.6603,24.2421,24.1951,
25,8,131072,8192,hyprefill,1024/6144/6144,graph,87,23.8771,14.3539,23.9236,23.8771,
25,8,131072,8192,hyprefill,1024/6144/6144,graph,88,24.0302,14.3539,24.0765,24.0302,
25,8,131072,8192,hyprefill,1024/6144/6144,graph,89,23.8613,14.1111,23.9086,23.8613,
25,8,131072,8192,hyprefill,1024/6144/6144,graph,90,24.2996,14.4175,24.3538,24.2996,
25,8,131072,8192,hyprefill,1024/6144/6144,graph,91,23.8855,14.1111,23.9356,23.8855,
25,8,131072,8192,hyprefill,1024/6144/6144,graph,92,24.1463,14.6603,24.1962,24.1463,
25,8,131072,8192,hyprefill,1024/6144/6144,graph,93,23.8465,14.1111,23.8952,23.8465,
25,8,131072,8192,hyprefill,1024/6144/6144,graph,94,23.8379,14.1111,23.8864,23.8379,
25,8,131072,8192,hyprefill,1024/6144/6144,graph,95,24.2083,14.0793,24.2555,24.2083,
25,8,131072,8192,hyprefill,1024/6144/6144,graph,96,24.3086,14.6603,24.3560,24.3086,
25,8,131072,8192,hyprefill,1024/6144/6144,graph,97,24.0715,14.9031,24.1197,24.0715,
25,8,131072,8192,hyprefill,1024/6144/6144,graph,98,24.1275,14.6603,24.1745,24.1275,
25,8,131072,8192,hyprefill,1024/6144/6144,graph,99,24.1176,14.6603,24.1648,24.1176,
25,8,131072,8192,hyprefill,1024/6144/6144,graph,100,23.9147,14.3539,23.9616,23.9147,
25,8,131072,8192,hyprefill,1024/6144/6144,graph,101,24.0008,14.3539,24.0478,24.0008,
25,8,131072,8192,hyprefill,1024/6144/6144,graph,102,23.9481,14.1111,23.9944,23.9481,
25,8,131072,8192,hyprefill,1024/6144/6144,graph,103,24.2347,14.4175,24.2822,24.2347,
25,8,131072,8192,hyprefill,1024/6144/6144,graph,104,23.9180,14.1111,23.9653,23.9180,
25,8,131072,8192,hyprefill,1024/6144/6144,graph,105,24.0381,14.6603,24.0847,24.0381,
25,8,131072,8192,hyprefill,1024/6144/6144,graph,106,23.8775,14.1111,23.9247,23.8775,
25,8,131072,8192,hyprefill,1024/6144/6144,graph,107,24.3877,14.3857,24.4298,24.3877,
25,8,131072,8192,hyprefill,1024/6144/6144,graph,108,24.2240,14.0793,24.2698,24.2240,
25,8,131072,8192,hyprefill,1024/6144/6144,graph,109,24.3773,14.6603,24.4259,24.3773,
25,8,131072,8192,hyprefill,1024/6144/6144,graph,110,23.8298,14.3539,23.8762,23.8298,
25,8,131072,8192,hyprefill,1024/6144/6144,graph,111,24.1701,14.6603,24.2181,24.1701,
25,8,131072,8192,hyprefill,1024/6144/6144,graph,112,24.2010,14.6603,24.2478,24.2010,
25,8,131072,8192,hyprefill,1024/6144/6144,graph,113,24.2299,14.3220,24.2737,24.2299,
25,8,131072,8192,hyprefill,1024/6144/6144,graph,114,23.6761,14.8712,23.7318,23.6761,
25,8,131072,8192,hyprefill,1024/6144/6144,graph,115,23.9789,14.1111,24.0294,23.9789,
25,8,131072,8192,hyprefill,1024/6144/6144,graph,116,24.3231,14.4175,24.3713,24.3231,
25,8,131072,8192,hyprefill,1024/6144/6144,graph,117,23.9238,14.1111,23.9717,23.9238,
25,8,131072,8192,hyprefill,1024/6144/6144,graph,118,24.0756,14.6603,24.1239,24.0756,
25,8,131072,8192,hyprefill,1024/6144/6144,graph,119,24.0945,14.6603,24.1459,24.0945,
25,8,131072,8192,hyprefill,1024/6144/6144,graph,120,24.3406,13.8365,24.4009,24.3406,
25,8,131072,8192,hyprefill,1024/6144/6144,graph,121,24.0158,14.1111,24.0663,24.0158,
25,8,131072,8192,hyprefill,1024/6144/6144,graph,122,24.2300,14.6603,24.2781,24.2300,
25,8,131072,8192,hyprefill,1024/6144/6144,graph,123,24.1540,14.6603,24.2014,24.1540,
25,8,131072,8192,hyprefill,1024/6144/6144,graph,124,24.2245,14.6603,24.2734,24.2245,
25,8,131072,8192,hyprefill,1024/6144/6144,graph,125,24.1496,14.6603,24.1972,24.1496,
25,8,131072,8192,hyprefill,1024/6144/6144,graph,126,24.2158,14.3539,24.2630,24.2158,
25,8,131072,8192,hyprefill,1024/6144/6144,graph,127,24.0967,14.5966,24.1449,24.0967,
25,8,131072,8192,hyprefill,1024/6144/6144,graph,128,23.9562,14.3539,24.0024,23.9562,
25,8,131072,8192,hyprefill,1024/6144/6144,graph,129,24.2562,14.6603,24.3028,24.2562,
25,8,131072,8192,hyprefill,1024/6144/6144,graph,130,24.2636,14.6603,24.3109,24.2636,
25,8,131072,8192,hyprefill,1024/6144/6144,graph,131,24.0324,14.6603,24.0804,24.0324,
25,8,131072,8192,hyprefill,1024/6144/6144,graph,132,24.1854,14.6603,24.2328,24.1854,
25,8,131072,8192,hyprefill,1024/6144/6144,graph,133,24.2660,13.8365,24.3137,24.2660,
25,8,131072,8192,hyprefill,1024/6144/6144,graph,134,23.9645,14.1111,24.0126,23.9645,
25,8,131072,8192,hyprefill,1024/6144/6144,graph,135,24.2310,14.6603,24.2799,24.2310,
25,8,131072,8192,hyprefill,1024/6144/6144,graph,136,24.0472,14.6603,24.0942,24.0472,
25,8,131072,8192,hyprefill,1024/6144/6144,graph,137,24.1182,14.6603,24.1651,24.1182,
25,8,131072,8192,hyprefill,1024/6144/6144,graph,138,24.2652,14.6603,24.3128,24.2652,
25,8,131072,8192,hyprefill,1024/6144/6144,graph,139,24.1446,14.3539,24.1937,24.1446,
25,8,131072,8192,hyprefill,1024/6144/6144,graph,140,24.2608,14.3220,24.3079,24.2608,
25,8,131072,8192,hyprefill,1024/6144/6144,graph,141,24.2587,14.9031,24.3087,24.2587,
25,8,131072,8192,hyprefill,1024/6144/6144,graph,142,24.1523,14.6603,24.1996,24.1523,
25,8,131072,8192,hyprefill,1024/6144/6144,graph,143,24.1359,14.6603,24.1839,24.1359,
25,8,131072,8192,hyprefill,1024/6144/6144,graph,144,24.3954,14.3857,24.4431,24.3954,
25,8,131072,8192,hyprefill,1024/6144/6144,graph,145,24.1431,14.6603,24.1896,24.1431,
25,8,131072,8192,hyprefill,1024/6144/6144,graph,146,24.2333,13.8365,24.2820,24.2333,
25,8,131072,8192,hyprefill,1024/6144/6144,graph,147,24.0660,14.1111,24.1153,24.0660,
25,8,131072,8192,hyprefill,1024/6144/6144,graph,148,23.9599,14.1111,24.0059,23.9599,
25,8,131072,8192,hyprefill,1024/6144/6144,graph,149,24.3187,14.4175,24.3659,24.3187,
25,8,131072,8192,hyprefill,1024/6144/6144,graph,150,23.9369,14.1111,23.9863,23.9369,
25,8,131072,8192,hyprefill,1024/6144/6144,graph,151,24.4062,14.4175,24.4537,24.4062,
25,8,131072,8192,hyprefill,1024/6144/6144,graph,152,24.1942,14.0793,24.2422,24.1942,
25,8,131072,8192,hyprefill,1024/6144/6144,graph,153,23.7156,14.8712,23.7648,23.7156,
25,8,131072,8192,hyprefill,1024/6144/6144,graph,154,23.9841,14.3539,24.0362,23.9841,
25,8,131072,8192,hyprefill,1024/6144/6144,graph,155,24.2586,14.9031,24.3092,24.2586,
25,8,131072,8192,hyprefill,1024/6144/6144,graph,156,24.2530,14.9031,24.3012,24.2530,
25,8,131072,8192,hyprefill,1024/6144/6144,graph,157,24.2264,14.6603,24.2762,24.2264,
25,8,131072,8192,hyprefill,1024/6144/6144,graph,158,24.0377,14.3539,24.0835,24.0377,
25,8,131072,8192,hyprefill,1024/6144/6144,graph,159,24.3112,13.8365,24.3576,24.3112,
25,8,131072,8192,hyprefill,1024/6144/6144,graph,160,23.9265,14.1111,23.9731,23.9265,
25,8,131072,8192,hyprefill,1024/6144/6144,graph,161,24.2710,14.6603,24.3195,24.2710,
25,8,131072,8192,hyprefill,1024/6144/6144,graph,162,24.4457,14.4175,24.4967,24.4457,
25,8,131072,8192,hyprefill,1024/6144/6144,graph,163,23.8378,14.1111,23.8863,23.8378,
25,8,131072,8192,hyprefill,1024/6144/6144,graph,164,24.3647,14.4175,24.4128,24.3647,
25,8,131072,8192,hyprefill,1024/6144/6144,graph,165,23.9081,14.3539,23.9607,23.9081,
25,8,131072,8192,hyprefill,1024/6144/6144,graph,166,24.1369,14.3539,24.1838,24.1369,
25,8,131072,8192,hyprefill,1024/6144/6144,graph,167,23.8948,14.3539,23.9417,23.8948,
25,8,131072,8192,hyprefill,1024/6144/6144,graph,168,23.9921,14.3539,24.0397,23.9921,
25,8,131072,8192,hyprefill,1024/6144/6144,graph,169,24.2215,14.6603,24.2728,24.2215,
25,8,131072,8192,hyprefill,1024/6144/6144,graph,170,23.8639,14.3539,23.9241,23.8639,
25,8,131072,8192,hyprefill,1024/6144/6144,graph,171,23.8601,15.1776,23.9088,23.8601,
25,8,131072,8192,hyprefill,1024/6144/6144,graph,172,24.1084,14.0793,24.1517,24.1084,
25,8,131072,8192,hyprefill,1024/6144/6144,graph,173,23.8951,14.1111,23.9443,23.8951,
25,8,131072,8192,hyprefill,1024/6144/6144,graph,174,24.1693,14.6603,24.2165,24.1693,
25,8,131072,8192,hyprefill,1024/6144/6144,graph,175,24.3756,14.1429,24.4243,24.3756,
25,8,131072,8192,hyprefill,1024/6144/6144,graph,176,24.2179,14.4175,24.2703,24.2179,
25,8,131072,8192,hyprefill,1024/6144/6144,graph,177,24.0934,14.4175,24.1436,24.0934,
25,8,131072,8192,hyprefill,1024/6144/6144,graph,178,24.3445,14.0793,24.3978,24.3445,
25,8,131072,8192,hyprefill,1024/6144/6144,graph,179,23.8160,14.5966,23.8648,23.8160,
25,8,131072,8192,hyprefill,1024/6144/6144,graph,180,24.1302,14.9031,24.1787,24.1302,
25,8,131072,8192,hyprefill,1024/6144/6144,graph,181,23.8518,14.1111,23.9007,23.8518,
25,8,131072,8192,hyprefill,1024/6144/6144,graph,182,24.2509,14.6603,24.2994,24.2509,
25,8,131072,8192,hyprefill,1024/6144/6144,graph,183,23.7970,14.1111,23.8445,23.7970,
25,8,131072,8192,hyprefill,1024/6144/6144,graph,184,23.8995,14.9349,23.9491,23.8995,
25,8,131072,8192,hyprefill,1024/6144/6144,graph,185,24.0918,14.0793,24.1404,24.0918,
25,8,131072,8192,hyprefill,1024/6144/6144,graph,186,24.0165,14.6603,24.0643,24.0165,
25,8,131072,8192,hyprefill,1024/6144/6144,graph,187,24.2107,13.8365,24.2637,24.2107,
25,8,131072,8192,hyprefill,1024/6144/6144,graph,188,24.3972,14.9667,24.4482,24.3972,
25,8,131072,8192,hyprefill,1024/6144/6144,graph,189,24.2603,13.8365,24.3088,24.2603,
25,8,131072,8192,hyprefill,1024/6144/6144,graph,190,24.3680,14.9667,24.4172,24.3680,
25,8,131072,8192,hyprefill,1024/6144/6144,graph,191,24.2164,13.8365,24.2649,24.2164,
25,8,131072,8192,hyprefill,1024/6144/6144,graph,192,23.8899,14.3539,23.9364,23.8899,
25,8,131072,8192,hyprefill,1024/6144/6144,graph,193,23.7638,14.3539,23.8169,23.7638,
25,8,131072,8192,hyprefill,1024/6144/6144,graph,194,23.9448,14.1111,23.9922,23.9448,
25,8,131072,8192,hyprefill,1024/6144/6144,graph,195,24.2242,14.6603,24.2718,24.2242,
25,8,131072,8192,hyprefill,1024/6144/6144,graph,196,23.9095,14.1111,23.9602,23.9095,
25,8,131072,8192,hyprefill,1024/6144/6144,graph,197,23.8781,14.9349,23.9292,23.8781,
25,8,131072,8192,hyprefill,1024/6144/6144,graph,198,24.2733,14.0793,24.3220,24.2733,
25,8,131072,8192,hyprefill,1024/6144/6144,graph,199,24.0599,14.6603,24.1077,24.0599,
25,8,131072,8192,hyprefill,1024/4096/4096,graph,0,24.2817,14.3539,24.3295,24.2817,
25,8,131072,8192,hyprefill,1024/4096/4096,graph,1,24.1434,15.2095,24.1910,24.1434,
25,8,131072,8192,hyprefill,1024/4096/4096,graph,2,24.1070,14.9031,24.1694,24.1070,
25,8,131072,8192,hyprefill,1024/4096/4096,graph,3,24.0965,14.6603,24.1435,24.0965,
25,8,131072,8192,hyprefill,1024/4096/4096,graph,4,24.4229,14.3857,24.4734,24.4229,
25,8,131072,8192,hyprefill,1024/4096/4096,graph,5,24.2241,15.2095,24.2711,24.2241,
25,8,131072,8192,hyprefill,1024/4096/4096,graph,6,24.0026,14.6285,24.0489,24.0026,
25,8,131072,8192,hyprefill,1024/4096/4096,graph,7,24.1916,14.9349,24.2392,24.1916,
25,8,131072,8192,hyprefill,1024/4096/4096,graph,8,24.0666,14.6603,24.1129,24.0666,
25,8,131072,8192,hyprefill,1024/4096/4096,graph,9,24.2716,14.9031,24.3177,24.2716,
25,8,131072,8192,hyprefill,1024/4096/4096,graph,10,24.0127,15.1776,24.0587,24.0127,
25,8,131072,8192,hyprefill,1024/4096/4096,graph,11,24.0865,14.3539,24.1327,24.0865,
25,8,131072,8192,hyprefill,1024/4096/4096,graph,12,24.2867,15.2095,24.3334,24.2867,
25,8,131072,8192,hyprefill,1024/4096/4096,graph,13,24.1676,14.9031,24.2201,24.1676,
25,8,131072,8192,hyprefill,1024/4096/4096,graph,14,24.2576,15.2095,24.3100,24.2576,
25,8,131072,8192,hyprefill,1024/4096/4096,graph,15,24.1634,14.3539,24.2095,24.1634,
25,8,131072,8192,hyprefill,1024/4096/4096,graph,16,24.2713,15.2095,24.3178,24.2713,
25,8,131072,8192,hyprefill,1024/4096/4096,graph,17,24.1988,14.3857,24.2445,24.1988,
25,8,131072,8192,hyprefill,1024/4096/4096,graph,18,24.1103,14.6603,24.1559,24.1103,
25,8,131072,8192,hyprefill,1024/4096/4096,graph,19,24.3785,14.3857,24.4250,24.3785,
25,8,131072,8192,hyprefill,1024/4096/4096,graph,20,24.0836,14.6603,24.1310,24.0836,
25,8,131072,8192,hyprefill,1024/4096/4096,graph,21,23.8601,15.1776,23.9051,23.8601,
25,8,131072,8192,hyprefill,1024/4096/4096,graph,22,24.1874,14.3539,24.2359,24.1874,
25,8,131072,8192,hyprefill,1024/4096/4096,graph,23,23.9753,15.7268,24.0210,23.9753,
25,8,131072,8192,hyprefill,1024/4096/4096,graph,24,24.2835,14.3539,24.3289,24.2835,
25,8,131072,8192,hyprefill,1024/4096/4096,graph,25,24.0575,15.2095,24.1039,24.0575,
25,8,131072,8192,hyprefill,1024/4096/4096,graph,26,24.1377,14.3539,24.1858,24.1377,
25,8,131072,8192,hyprefill,1024/4096/4096,graph,27,24.1377,15.2095,24.1842,24.1377,
25,8,131072,8192,hyprefill,1024/4096/4096,graph,28,24.1186,14.1111,24.1659,24.1186,
25,8,131072,8192,hyprefill,1024/4096/4096,graph,29,24.0687,14.6603,24.1139,24.0687,
25,8,131072,8192,hyprefill,1024/4096/4096,graph,30,24.2633,14.3857,24.3124,24.2633,
25,8,131072,8192,hyprefill,1024/4096/4096,graph,31,24.1694,14.6603,24.2174,24.1694,
25,8,131072,8192,hyprefill,1024/4096/4096,graph,32,23.8476,15.1776,23.9034,23.8476,
25,8,131072,8192,hyprefill,1024/4096/4096,graph,33,24.2854,14.3539,24.3321,24.2854,
25,8,131072,8192,hyprefill,1024/4096/4096,graph,34,24.2027,15.2095,24.2517,24.2027,
25,8,131072,8192,hyprefill,1024/4096/4096,graph,35,24.1396,14.8712,24.1860,24.1396,
25,8,131072,8192,hyprefill,1024/4096/4096,graph,36,24.2902,15.7586,24.3366,24.2902,
25,8,131072,8192,hyprefill,1024/4096/4096,graph,37,24.2534,14.3539,24.2993,24.2534,
25,8,131072,8192,hyprefill,1024/4096/4096,graph,38,24.1374,15.2095,24.1836,24.1374,
25,8,131072,8192,hyprefill,1024/4096/4096,graph,39,24.1266,14.1111,24.1737,24.1266,
25,8,131072,8192,hyprefill,1024/4096/4096,graph,40,24.0532,14.6603,24.1034,24.0532,
25,8,131072,8192,hyprefill,1024/4096/4096,graph,41,24.0388,14.6603,24.0901,24.0388,
25,8,131072,8192,hyprefill,1024/4096/4096,graph,42,24.1596,14.9031,24.2088,24.1596,
25,8,131072,8192,hyprefill,1024/4096/4096,graph,43,24.0029,15.1776,24.0521,24.0029,
25,8,131072,8192,hyprefill,1024/4096/4096,graph,44,24.0828,14.3539,24.1292,24.0828,
25,8,131072,8192,hyprefill,1024/4096/4096,graph,45,24.3463,15.2095,24.3925,24.3463,
25,8,131072,8192,hyprefill,1024/4096/4096,graph,46,24.1268,14.9031,24.1805,24.1268,
25,8,131072,8192,hyprefill,1024/4096/4096,graph,47,24.2820,15.2095,24.3359,24.2820,
25,8,131072,8192,hyprefill,1024/4096/4096,graph,48,24.1102,14.3539,24.1619,24.1102,
25,8,131072,8192,hyprefill,1024/4096/4096,graph,49,24.1287,14.6603,24.1779,24.1287,
25,8,131072,8192,hyprefill,1024/4096/4096,graph,50,24.1681,15.2095,24.2178,24.1681,
25,8,131072,8192,hyprefill,1024/4096/4096,graph,51,24.3673,14.3857,24.4155,24.3673,
25,8,131072,8192,hyprefill,1024/4096/4096,graph,52,24.2823,15.2095,24.3309,24.2823,
25,8,131072,8192,hyprefill,1024/4096/4096,graph,53,24.1396,14.3539,24.1863,24.1396,
25,8,131072,8192,hyprefill,1024/4096/4096,graph,54,23.8393,15.4841,23.8947,23.8393,
25,8,131072,8192,hyprefill,1024/4096/4096,graph,55,24.0157,13.8047,24.0606,24.0157,
25,8,131072,8192,hyprefill,1024/4096/4096,graph,56,23.9286,15.4841,23.9753,23.9286,
25,8,131072,8192,hyprefill,1024/4096/4096,graph,57,24.0363,14.3539,24.0820,24.0363,
25,8,131072,8192,hyprefill,1024/4096/4096,graph,58,24.2465,15.2095,24.2941,24.2465,
25,8,131072,8192,hyprefill,1024/4096/4096,graph,59,24.3318,14.0793,24.3756,24.3318,
25,8,131072,8192,hyprefill,1024/4096/4096,graph,60,24.0702,15.2095,24.1173,24.0702,
25,8,131072,8192,hyprefill,1024/4096/4096,graph,61,23.8932,14.6603,23.9397,23.8932,
25,8,131072,8192,hyprefill,1024/4096/4096,graph,62,24.1119,14.3857,24.1583,24.1119,
25,8,131072,8192,hyprefill,1024/4096/4096,graph,63,24.1022,15.2095,24.1481,24.1022,
25,8,131072,8192,hyprefill,1024/4096/4096,graph,64,24.0585,14.3539,24.1068,24.0585,
25,8,131072,8192,hyprefill,1024/4096/4096,graph,65,23.9313,14.9667,23.9793,23.9313,
25,8,131072,8192,hyprefill,1024/4096/4096,graph,66,24.4603,13.8365,24.5078,24.4603,
25,8,131072,8192,hyprefill,1024/4096/4096,graph,67,24.1709,15.2095,24.2187,24.1709,
25,8,131072,8192,hyprefill,1024/4096/4096,graph,68,24.1902,14.8712,24.2383,24.1902,
25,8,131072,8192,hyprefill,1024/4096/4096,graph,69,24.0865,14.6603,24.1330,24.0865,
25,8,131072,8192,hyprefill,1024/4096/4096,graph,70,24.3473,14.9349,24.4061,24.3473,
25,8,131072,8192,hyprefill,1024/4096/4096,graph,71,24.0689,14.6603,24.1238,24.0689,
25,8,131072,8192,hyprefill,1024/4096/4096,graph,72,24.1212,15.2095,24.1801,24.1212,
25,8,131072,8192,hyprefill,1024/4096/4096,graph,73,24.1159,14.3539,24.1667,24.1159,
25,8,131072,8192,hyprefill,1024/4096/4096,graph,74,24.0632,15.2095,24.1211,24.0632,
25,8,131072,8192,hyprefill,1024/4096/4096,graph,75,24.2127,14.3539,24.2610,24.2127,
25,8,131072,8192,hyprefill,1024/4096/4096,graph,76,24.3503,15.2413,24.4016,24.3503,
25,8,131072,8192,hyprefill,1024/4096/4096,graph,77,24.4316,13.8047,24.4772,24.4316,
25,8,131072,8192,hyprefill,1024/4096/4096,graph,78,24.1945,15.2095,24.2428,24.1945,
25,8,131072,8192,hyprefill,1024/4096/4096,graph,79,24.1073,14.9031,24.1543,24.1073,
25,8,131072,8192,hyprefill,1024/4096/4096,graph,80,24.3643,14.9349,24.4122,24.3643,
25,8,131072,8192,hyprefill,1024/4096/4096,graph,81,24.2023,14.3857,24.2689,24.2023,
25,8,131072,8192,hyprefill,1024/4096/4096,graph,82,23.9938,14.6603,24.0414,23.9938,
25,8,131072,8192,hyprefill,1024/4096/4096,graph,83,24.0758,15.2095,24.1241,24.0758,
25,8,131072,8192,hyprefill,1024/4096/4096,graph,84,24.1092,14.3539,24.1574,24.1092,
25,8,131072,8192,hyprefill,1024/4096/4096,graph,85,23.9952,14.6603,24.0417,23.9952,
25,8,131072,8192,hyprefill,1024/4096/4096,graph,86,24.3085,14.9031,24.3540,24.3085,
25,8,131072,8192,hyprefill,1024/4096/4096,graph,87,24.2367,15.2095,24.2833,24.2367,
25,8,131072,8192,hyprefill,1024/4096/4096,graph,88,24.2551,14.3857,24.3020,24.2551,
25,8,131072,8192,hyprefill,1024/4096/4096,graph,89,24.3688,14.4175,24.4166,24.3688,
25,8,131072,8192,hyprefill,1024/4096/4096,graph,90,23.9988,14.6603,24.0460,23.9988,
25,8,131072,8192,hyprefill,1024/4096/4096,graph,91,23.9116,14.6603,23.9586,23.9116,
25,8,131072,8192,hyprefill,1024/4096/4096,graph,92,24.1654,14.3857,24.2122,24.1654,
25,8,131072,8192,hyprefill,1024/4096/4096,graph,93,24.1759,14.3857,24.2220,24.1759,
25,8,131072,8192,hyprefill,1024/4096/4096,graph,94,24.2193,15.2095,24.2642,24.2193,
25,8,131072,8192,hyprefill,1024/4096/4096,graph,95,24.1837,14.9031,24.2359,24.1837,
25,8,131072,8192,hyprefill,1024/4096/4096,graph,96,24.1806,15.1776,24.2280,24.1806,
25,8,131072,8192,hyprefill,1024/4096/4096,graph,97,24.2389,14.3539,24.2848,24.2389,
25,8,131072,8192,hyprefill,1024/4096/4096,graph,98,24.2344,15.2095,24.2788,24.2344,
25,8,131072,8192,hyprefill,1024/4096/4096,graph,99,24.2797,14.3857,24.3274,24.2797,
25,8,131072,8192,hyprefill,1024/4096/4096,graph,100,24.0014,14.6603,24.0475,24.0014,
25,8,131072,8192,hyprefill,1024/4096/4096,graph,101,24.0660,14.6603,24.1118,24.0660,
25,8,131072,8192,hyprefill,1024/4096/4096,graph,102,24.1067,14.6603,24.1515,24.1067,
25,8,131072,8192,hyprefill,1024/4096/4096,graph,103,24.2795,14.3857,24.3256,24.2795,
25,8,131072,8192,hyprefill,1024/4096/4096,graph,104,24.0414,14.6285,24.0911,24.0414,
25,8,131072,8192,hyprefill,1024/4096/4096,graph,105,24.3016,14.9349,24.3506,24.3016,
25,8,131072,8192,hyprefill,1024/4096/4096,graph,106,24.1429,15.1776,24.1918,24.1429,
25,8,131072,8192,hyprefill,1024/4096/4096,graph,107,24.2621,14.9031,24.3054,24.2621,
25,8,131072,8192,hyprefill,1024/4096/4096,graph,108,23.9599,14.6285,24.0084,23.9599,
25,8,131072,8192,hyprefill,1024/4096/4096,graph,109,24.1172,15.1776,24.1636,24.1172,
25,8,131072,8192,hyprefill,1024/4096/4096,graph,110,24.2015,14.6603,24.2497,24.2015,
25,8,131072,8192,hyprefill,1024/4096/4096,graph,111,24.4658,14.4175,24.5137,24.4658,
25,8,131072,8192,hyprefill,1024/4096/4096,graph,112,24.3107,14.3857,24.3559,24.3107,
25,8,131072,8192,hyprefill,1024/4096/4096,graph,113,24.1027,15.2095,24.1504,24.1027,
25,8,131072,8192,hyprefill,1024/4096/4096,graph,114,24.3780,14.3857,24.4225,24.3780,
25,8,131072,8192,hyprefill,1024/4096/4096,graph,115,24.0897,15.1776,24.1362,24.0897,
25,8,131072,8192,hyprefill,1024/4096/4096,graph,116,24.1105,15.1776,24.1560,24.1105,
25,8,131072,8192,hyprefill,1024/4096/4096,graph,117,24.2905,14.9031,24.3486,24.2905,
25,8,131072,8192,hyprefill,1024/4096/4096,graph,118,24.0295,15.1776,24.0769,24.0295,
25,8,131072,8192,hyprefill,1024/4096/4096,graph,119,24.2260,14.9031,24.2748,24.2260,
25,8,131072,8192,hyprefill,1024/4096/4096,graph,120,24.2108,15.2095,24.2612,24.2108,
25,8,131072,8192,hyprefill,1024/4096/4096,graph,121,24.2591,14.3539,24.3043,24.2591,
25,8,131072,8192,hyprefill,1024/4096/4096,graph,122,24.3266,14.4175,24.3753,24.3266,
25,8,131072,8192,hyprefill,1024/4096/4096,graph,123,24.0343,14.6603,24.0827,24.0343,
25,8,131072,8192,hyprefill,1024/4096/4096,graph,124,24.0664,14.6603,24.1139,24.0664,
25,8,131072,8192,hyprefill,1024/4096/4096,graph,125,24.0281,14.6603,24.0752,24.0281,
25,8,131072,8192,hyprefill,1024/4096/4096,graph,126,24.3890,14.9031,24.4375,24.3890,
25,8,131072,8192,hyprefill,1024/4096/4096,graph,127,24.1102,15.1776,24.1567,24.1102,
25,8,131072,8192,hyprefill,1024/4096/4096,graph,128,24.1748,14.9031,24.2224,24.1748,
25,8,131072,8192,hyprefill,1024/4096/4096,graph,129,24.1260,15.1776,24.1744,24.1260,
25,8,131072,8192,hyprefill,1024/4096/4096,graph,130,24.1771,14.9031,24.2233,24.1771,
25,8,131072,8192,hyprefill,1024/4096/4096,graph,131,24.2333,15.2095,24.2804,24.2333,
25,8,131072,8192,hyprefill,1024/4096/4096,graph,132,24.1883,14.3539,24.2341,24.1883,
25,8,131072,8192,hyprefill,1024/4096/4096,graph,133,24.0770,14.1429,24.1228,24.0770,
25,8,131072,8192,hyprefill,1024/4096/4096,graph,134,24.3207,15.2095,24.3693,24.3207,
25,8,131072,8192,hyprefill,1024/4096/4096,graph,135,24.2030,14.3857,24.2499,24.2030,
25,8,131072,8192,hyprefill,1024/4096/4096,graph,136,24.2528,15.2095,24.3013,24.2528,
25,8,131072,8192,hyprefill,1024/4096/4096,graph,137,24.0820,14.3220,24.1263,24.0820,
25,8,131072,8192,hyprefill,1024/4096/4096,graph,138,24.1503,15.7268,24.1971,24.1503,
25,8,131072,8192,hyprefill,1024/4096/4096,graph,139,24.2122,14.8712,24.2567,24.2122,
25,8,131072,8192,hyprefill,1024/4096/4096,graph,140,23.9337,15.1776,23.9843,23.9337,
25,8,131072,8192,hyprefill,1024/4096/4096,graph,141,24.3945,14.3857,24.4404,24.3945,
25,8,131072,8192,hyprefill,1024/4096/4096,graph,142,24.0562,15.1776,24.1030,24.0562,
25,8,131072,8192,hyprefill,1024/4096/4096,graph,143,24.2485,14.6603,24.2952,24.2485,
25,8,131072,8192,hyprefill,1024/4096/4096,graph,144,24.1177,14.1429,24.1656,24.1177,
25,8,131072,8192,hyprefill,1024/4096/4096,graph,145,24.1725,14.3857,24.2185,24.1725,
25,8,131072,8192,hyprefill,1024/4096/4096,graph,146,24.1972,15.2095,24.2443,24.1972,
25,8,131072,8192,hyprefill,1024/4096/4096,graph,147,24.4289,14.3857,24.4771,24.4289,
25,8,131072,8192,hyprefill,1024/4096/4096,graph,148,24.0894,15.1776,24.1360,24.0894,
25,8,131072,8192,hyprefill,1024/4096/4096,graph,149,24.1600,14.9031,24.2061,24.1600,
25,8,131072,8192,hyprefill,1024/4096/4096,graph,150,24.1341,15.1776,24.1812,24.1341,
25,8,131072,8192,hyprefill,1024/4096/4096,graph,151,24.0669,14.6285,24.1123,24.0669,
25,8,131072,8192,hyprefill,1024/4096/4096,graph,152,24.2064,14.3857,24.2527,24.2064,
25,8,131072,8192,hyprefill,1024/4096/4096,graph,153,24.2685,15.2095,24.3164,24.2685,
25,8,131072,8192,hyprefill,1024/4096/4096,graph,154,24.2254,14.9031,24.2784,24.2254,
25,8,131072,8192,hyprefill,1024/4096/4096,graph,155,24.3972,14.4175,24.4454,24.3972,
25,8,131072,8192,hyprefill,1024/4096/4096,graph,156,23.8696,14.6285,23.9160,23.8696,
25,8,131072,8192,hyprefill,1024/4096/4096,graph,157,24.2612,15.2095,24.3092,24.2612,
25,8,131072,8192,hyprefill,1024/4096/4096,graph,158,23.9175,14.1111,23.9641,23.9175,
25,8,131072,8192,hyprefill,1024/4096/4096,graph,159,23.9930,15.1776,24.0405,23.9930,
25,8,131072,8192,hyprefill,1024/4096/4096,graph,160,23.9372,14.6285,23.9860,23.9372,
25,8,131072,8192,hyprefill,1024/4096/4096,graph,161,24.1928,15.2095,24.2404,24.1928,
25,8,131072,8192,hyprefill,1024/4096/4096,graph,162,24.3089,14.3539,24.3532,24.3089,
25,8,131072,8192,hyprefill,1024/4096/4096,graph,163,24.4780,14.4175,24.5243,24.4780,
25,8,131072,8192,hyprefill,1024/4096/4096,graph,164,24.2950,15.2095,24.3412,24.2950,
25,8,131072,8192,hyprefill,1024/4096/4096,graph,165,24.2422,14.3539,24.2870,24.2422,
25,8,131072,8192,hyprefill,1024/4096/4096,graph,166,24.2511,15.2095,24.2997,24.2511,
25,8,131072,8192,hyprefill,1024/4096/4096,graph,167,24.0376,14.3539,24.0851,24.0376,
25,8,131072,8192,hyprefill,1024/4096/4096,graph,168,23.8982,15.4841,23.9478,23.8982,
25,8,131072,8192,hyprefill,1024/4096/4096,graph,169,24.2706,14.3539,24.3226,24.2706,
25,8,131072,8192,hyprefill,1024/4096/4096,graph,170,24.3392,15.2095,24.3898,24.3392,
25,8,131072,8192,hyprefill,1024/4096/4096,graph,171,24.2016,14.3539,24.2486,24.2016,
25,8,131072,8192,hyprefill,1024/4096/4096,graph,172,24.1950,15.2095,24.2387,24.1950,
25,8,131072,8192,hyprefill,1024/4096/4096,graph,173,24.4229,14.3857,24.4694,24.4229,
25,8,131072,8192,hyprefill,1024/4096/4096,graph,174,24.5076,14.4175,24.5605,24.5076,
25,8,131072,8192,hyprefill,1024/4096/4096,graph,175,24.2557,14.6603,24.3030,24.2557,
25,8,131072,8192,hyprefill,1024/4096/4096,graph,176,24.2954,14.9031,24.3481,24.2954,
25,8,131072,8192,hyprefill,1024/4096/4096,graph,177,24.0002,14.6603,24.0458,24.0002,
25,8,131072,8192,hyprefill,1024/4096/4096,graph,178,24.1315,14.9031,24.1794,24.1315,
25,8,131072,8192,hyprefill,1024/4096/4096,graph,179,24.1985,15.1776,24.2452,24.1985,
25,8,131072,8192,hyprefill,1024/4096/4096,graph,180,23.7770,14.6285,23.8228,23.7770,
25,8,131072,8192,hyprefill,1024/4096/4096,graph,181,23.9638,15.1776,24.0112,23.9638,
25,8,131072,8192,hyprefill,1024/4096/4096,graph,182,24.3628,14.9031,24.4093,24.3628,
25,8,131072,8192,hyprefill,1024/4096/4096,graph,183,24.1020,14.6603,24.1476,24.1020,
25,8,131072,8192,hyprefill,1024/4096/4096,graph,184,24.0810,14.6603,24.1327,24.0810,
25,8,131072,8192,hyprefill,1024/4096/4096,graph,185,24.5679,14.4175,24.6170,24.5679,
25,8,131072,8192,hyprefill,1024/4096/4096,graph,186,24.0311,14.6285,24.0793,24.0311,
25,8,131072,8192,hyprefill,1024/4096/4096,graph,187,24.0662,14.6603,24.1156,24.0662,
25,8,131072,8192,hyprefill,1024/4096/4096,graph,188,24.0647,14.3857,24.1196,24.0647,
25,8,131072,8192,hyprefill,1024/4096/4096,graph,189,24.0097,14.6603,24.0620,24.0097,
25,8,131072,8192,hyprefill,1024/4096/4096,graph,190,24.3358,15.2095,24.3855,24.3358,
25,8,131072,8192,hyprefill,1024/4096/4096,graph,191,24.2379,14.3539,24.2860,24.2379,
25,8,131072,8192,hyprefill,1024/4096/4096,graph,192,22.6431,15.6950,22.6904,22.6431,
25,8,131072,8192,hyprefill,1024/4096/4096,graph,193,24.0841,14.3539,24.1305,24.0841,
25,8,131072,8192,hyprefill,1024/4096/4096,graph,194,24.2334,15.2413,24.2798,24.2334,
25,8,131072,8192,hyprefill,1024/4096/4096,graph,195,24.1399,14.3539,24.1855,24.1399,
25,8,131072,8192,hyprefill,1024/4096/4096,graph,196,24.2761,15.2413,24.3311,24.2761,
25,8,131072,8192,hyprefill,1024/4096/4096,graph,197,24.1377,13.8047,24.1825,24.1377,
25,8,131072,8192,hyprefill,1024/4096/4096,graph,198,24.1728,15.2095,24.2201,24.1728,
25,8,131072,8192,hyprefill,1024/4096/4096,graph,199,24.0908,14.3857,24.1353,24.0908,
25,8,131072,8192,hyprefill,2048/2048/2048,graph,0,23.6077,15.9059,23.6541,23.6077,
25,8,131072,8192,hyprefill,2048/2048/2048,graph,1,23.9481,15.9378,23.9955,23.9481,
25,8,131072,8192,hyprefill,2048/2048/2048,graph,2,23.8052,15.6314,23.8499,23.8052,
25,8,131072,8192,hyprefill,2048/2048/2048,graph,3,23.7595,16.2124,23.8114,23.7595,
25,8,131072,8192,hyprefill,2048/2048/2048,graph,4,23.5763,15.3568,23.6252,23.5763,
25,8,131072,8192,hyprefill,2048/2048/2048,graph,5,23.7284,16.2124,23.7757,23.7284,
25,8,131072,8192,hyprefill,2048/2048/2048,graph,6,23.5790,15.3568,23.6254,23.5790,
25,8,131072,8192,hyprefill,2048/2048/2048,graph,7,23.7340,16.2124,23.7817,23.7340,
25,8,131072,8192,hyprefill,2048/2048/2048,graph,8,23.6222,15.3568,23.6671,23.6222,
25,8,131072,8192,hyprefill,2048/2048/2048,graph,9,23.9404,15.9378,23.9862,23.9404,
25,8,131072,8192,hyprefill,2048/2048/2048,graph,10,23.8122,15.6314,23.8555,23.8122,
25,8,131072,8192,hyprefill,2048/2048/2048,graph,11,23.9426,15.9378,23.9893,23.9426,
25,8,131072,8192,hyprefill,2048/2048/2048,graph,12,23.8156,15.6314,23.8615,23.8156,
25,8,131072,8192,hyprefill,2048/2048/2048,graph,13,23.6906,16.2124,23.7369,23.6906,
25,8,131072,8192,hyprefill,2048/2048/2048,graph,14,23.4993,15.3568,23.5463,23.4993,
25,8,131072,8192,hyprefill,2048/2048/2048,graph,15,23.6601,16.2124,23.7091,23.6601,
25,8,131072,8192,hyprefill,2048/2048/2048,graph,16,23.6159,15.3568,23.6619,23.6159,
25,8,131072,8192,hyprefill,2048/2048/2048,graph,17,23.7195,16.2124,23.7690,23.7195,
25,8,131072,8192,hyprefill,2048/2048/2048,graph,18,23.5076,15.3568,23.5534,23.5076,
25,8,131072,8192,hyprefill,2048/2048/2048,graph,19,23.9965,15.9378,24.0434,23.9965,
25,8,131072,8192,hyprefill,2048/2048/2048,graph,20,23.8132,15.6314,23.8578,23.8132,
25,8,131072,8192,hyprefill,2048/2048/2048,graph,21,24.0620,15.9378,24.1090,24.0620,
25,8,131072,8192,hyprefill,2048/2048/2048,graph,22,23.5381,15.9059,23.5825,23.5381,
25,8,131072,8192,hyprefill,2048/2048/2048,graph,23,23.7560,16.2124,23.8090,23.7560,
25,8,131072,8192,hyprefill,2048/2048/2048,graph,24,24.0072,15.0822,24.0545,24.0072,
25,8,131072,8192,hyprefill,2048/2048/2048,graph,25,23.9104,16.2124,23.9607,23.9104,
25,8,131072,8192,hyprefill,2048/2048/2048,graph,26,23.8077,15.6314,23.8548,23.8077,
25,8,131072,8192,hyprefill,2048/2048/2048,graph,27,24.0049,15.6632,24.0513,24.0049,
25,8,131072,8192,hyprefill,2048/2048/2048,graph,28,22.9930,15.6314,23.0378,22.9930,
25,8,131072,8192,hyprefill,2048/2048/2048,graph,29,23.8568,15.6632,23.9051,23.8568,
25,8,131072,8192,hyprefill,2048/2048/2048,graph,30,23.0082,15.6314,23.0566,23.0082,
25,8,131072,8192,hyprefill,2048/2048/2048,graph,31,23.9164,15.6632,23.9640,23.9164,
25,8,131072,8192,hyprefill,2048/2048/2048,graph,32,23.3622,15.9059,23.4097,23.3622,
25,8,131072,8192,hyprefill,2048/2048/2048,graph,33,24.1000,15.6632,24.1495,24.1000,
25,8,131072,8192,hyprefill,2048/2048/2048,graph,34,23.4563,15.6314,23.5025,23.4563,
25,8,131072,8192,hyprefill,2048/2048/2048,graph,35,23.7660,15.6632,23.8132,23.7660,
25,8,131072,8192,hyprefill,2048/2048/2048,graph,36,23.2573,15.9059,23.3018,23.2573,
25,8,131072,8192,hyprefill,2048/2048/2048,graph,37,23.7354,15.6632,23.7887,23.7354,
25,8,131072,8192,hyprefill,2048/2048/2048,graph,38,23.7664,15.9059,23.8133,23.7664,
25,8,131072,8192,hyprefill,2048/2048/2048,graph,39,23.9962,15.9378,24.0457,23.9962,
25,8,131072,8192,hyprefill,2048/2048/2048,graph,40,23.8454,15.6314,23.8905,23.8454,
25,8,131072,8192,hyprefill,2048/2048/2048,graph,41,23.9748,15.9378,24.0227,23.9748,
25,8,131072,8192,hyprefill,2048/2048/2048,graph,42,23.4913,15.9059,23.5363,23.4913,
25,8,131072,8192,hyprefill,2048/2048/2048,graph,43,23.9021,15.9378,23.9537,23.9021,
25,8,131072,8192,hyprefill,2048/2048/2048,graph,44,23.9012,15.6314,23.9466,23.9012,
25,8,131072,8192,hyprefill,2048/2048/2048,graph,45,24.0019,15.6632,24.0479,24.0019,
25,8,131072,8192,hyprefill,2048/2048/2048,graph,46,22.6681,15.9059,22.7123,22.6681,
25,8,131072,8192,hyprefill,2048/2048/2048,graph,47,24.0748,15.6632,24.1223,24.0748,
25,8,131072,8192,hyprefill,2048/2048/2048,graph,48,22.9999,15.6314,23.0533,22.9999,
25,8,131072,8192,hyprefill,2048/2048/2048,graph,49,23.9485,15.9378,24.0483,23.9485,
25,8,131072,8192,hyprefill,2048/2048/2048,graph,50,23.3031,15.6314,23.3553,23.3031,
25,8,131072,8192,hyprefill,2048/2048/2048,graph,51,22.6128,16.7297,22.6589,22.6128,
25,8,131072,8192,hyprefill,2048/2048/2048,graph,52,23.6272,15.9059,23.6733,23.6272,
25,8,131072,8192,hyprefill,2048/2048/2048,graph,53,23.9583,15.3886,24.0053,23.9583,
25,8,131072,8192,hyprefill,2048/2048/2048,graph,54,23.8192,14.8394,23.8677,23.8192,
25,8,131072,8192,hyprefill,2048/2048/2048,graph,55,23.6649,15.6632,23.7106,23.6649,
25,8,131072,8192,hyprefill,2048/2048/2048,graph,56,22.7370,15.3568,22.7878,22.7370,
25,8,131072,8192,hyprefill,2048/2048/2048,graph,57,24.0829,15.9378,24.1324,24.0829,
25,8,131072,8192,hyprefill,2048/2048/2048,graph,58,22.4145,15.3568,22.4612,22.4145,
25,8,131072,8192,hyprefill,2048/2048/2048,graph,59,22.0004,16.4551,22.0492,22.0004,
25,8,131072,8192,hyprefill,2048/2048/2048,graph,60,22.7959,15.6314,22.8434,22.7959,
25,8,131072,8192,hyprefill,2048/2048/2048,graph,61,23.9387,15.9378,23.9853,23.9387,
25,8,131072,8192,hyprefill,2048/2048/2048,graph,62,23.9629,14.8394,24.0086,23.9629,
25,8,131072,8192,hyprefill,2048/2048/2048,graph,63,23.9027,15.3886,23.9516,23.9027,
25,8,131072,8192,hyprefill,2048/2048/2048,graph,64,23.7921,15.3886,23.8380,23.7921,
25,8,131072,8192,hyprefill,2048/2048/2048,graph,65,22.4822,15.3568,22.5264,22.4822,
25,8,131072,8192,hyprefill,2048/2048/2048,graph,66,23.3137,15.3886,23.3887,23.3137,
25,8,131072,8192,hyprefill,2048/2048/2048,graph,67,23.8937,14.8394,23.9406,23.8937,
25,8,131072,8192,hyprefill,2048/2048/2048,graph,68,21.2892,15.9059,21.3364,21.2892,
25,8,131072,8192,hyprefill,2048/2048/2048,graph,69,23.8276,15.1140,23.8729,23.8276,
25,8,131072,8192,hyprefill,2048/2048/2048,graph,70,23.9651,15.1140,24.0098,23.9651,
25,8,131072,8192,hyprefill,2048/2048/2048,graph,71,21.9989,15.9059,22.0430,21.9989,
25,8,131072,8192,hyprefill,2048/2048/2048,graph,72,23.5922,15.3886,23.6371,23.5922,
25,8,131072,8192,hyprefill,2048/2048/2048,graph,73,23.0870,15.6314,23.1300,23.0870,
25,8,131072,8192,hyprefill,2048/2048/2048,graph,74,23.6719,15.6632,23.7162,23.6719,
25,8,131072,8192,hyprefill,2048/2048/2048,graph,75,23.6892,14.8394,23.7335,23.6892,
25,8,131072,8192,hyprefill,2048/2048/2048,graph,76,22.7098,16.4551,22.7540,22.7098,
25,8,131072,8192,hyprefill,2048/2048/2048,graph,77,23.5534,16.1805,23.5977,23.5534,
25,8,131072,8192,hyprefill,2048/2048/2048,graph,78,23.8835,15.3886,23.9306,23.8835,
25,8,131072,8192,hyprefill,2048/2048/2048,graph,79,23.4852,16.1805,23.5298,23.4852,
25,8,131072,8192,hyprefill,2048/2048/2048,graph,80,24.0432,15.3886,24.0880,24.0432,
25,8,131072,8192,hyprefill,2048/2048/2048,graph,81,23.4233,16.1805,23.4664,23.4233,
25,8,131072,8192,hyprefill,2048/2048/2048,graph,82,23.3220,16.4551,23.3669,23.3220,
25,8,131072,8192,hyprefill,2048/2048/2048,graph,83,23.8163,15.1140,23.8625,23.8163,
25,8,131072,8192,hyprefill,2048/2048/2048,graph,84,24.0741,15.6632,24.1192,24.0741,
25,8,131072,8192,hyprefill,2048/2048/2048,graph,85,23.2378,15.9059,23.2826,23.2378,
25,8,131072,8192,hyprefill,2048/2048/2048,graph,86,23.9108,15.9378,23.9588,23.9108,
25,8,131072,8192,hyprefill,2048/2048/2048,graph,87,23.0905,15.3568,23.1379,23.0905,
25,8,131072,8192,hyprefill,2048/2048/2048,graph,88,24.0074,15.3886,24.0538,24.0074,
25,8,131072,8192,hyprefill,2048/2048/2048,graph,89,23.8754,15.1140,23.9234,23.8754,
25,8,131072,8192,hyprefill,2048/2048/2048,graph,90,22.8366,16.4551,22.8823,22.8366,
25,8,131072,8192,hyprefill,2048/2048/2048,graph,91,23.3874,16.1805,23.4317,23.3874,
25,8,131072,8192,hyprefill,2048/2048/2048,graph,92,23.8016,15.3886,23.8463,23.8016,
25,8,131072,8192,hyprefill,2048/2048/2048,graph,93,23.5221,16.1805,23.5664,23.5221,
25,8,131072,8192,hyprefill,2048/2048/2048,graph,94,23.4238,16.4551,23.4694,23.4238,
25,8,131072,8192,hyprefill,2048/2048/2048,graph,95,23.3664,16.1805,23.4120,23.3664,
25,8,131072,8192,hyprefill,2048/2048/2048,graph,96,23.7970,15.6632,23.8471,23.7970,
25,8,131072,8192,hyprefill,2048/2048/2048,graph,97,23.4914,15.6314,23.5357,23.4914,
25,8,131072,8192,hyprefill,2048/2048/2048,graph,98,23.9034,15.3886,23.9507,23.9034,
25,8,131072,8192,hyprefill,2048/2048/2048,graph,99,22.7229,15.9059,22.7666,22.7229,
25,8,131072,8192,hyprefill,2048/2048/2048,graph,100,23.5137,15.6632,23.5599,23.5137,
25,8,131072,8192,hyprefill,2048/2048/2048,graph,101,23.0656,15.6314,23.1105,23.0656,
25,8,131072,8192,hyprefill,2048/2048/2048,graph,102,23.6746,15.6632,23.7229,23.6746,
25,8,131072,8192,hyprefill,2048/2048/2048,graph,103,23.5291,15.9059,23.5722,23.5291,
25,8,131072,8192,hyprefill,2048/2048/2048,graph,104,23.1438,16.7297,23.1891,23.1438,
25,8,131072,8192,hyprefill,2048/2048/2048,graph,105,23.5964,15.9059,23.6465,23.5964,
25,8,131072,8192,hyprefill,2048/2048/2048,graph,106,23.6572,15.9378,23.7037,23.6572,
25,8,131072,8192,hyprefill,2048/2048/2048,graph,107,23.3884,15.6314,23.4303,23.3884,
25,8,131072,8192,hyprefill,2048/2048/2048,graph,108,23.7132,15.9378,23.7621,23.7132,
25,8,131072,8192,hyprefill,2048/2048/2048,graph,109,23.4487,15.6314,23.4939,23.4487,
25,8,131072,8192,hyprefill,2048/2048/2048,graph,110,23.8376,15.9378,23.8848,23.8376,
25,8,131072,8192,hyprefill,2048/2048/2048,graph,111,23.3967,15.6314,23.4411,23.3967,
25,8,131072,8192,hyprefill,2048/2048/2048,graph,112,23.1524,16.7297,23.1995,23.1524,
25,8,131072,8192,hyprefill,2048/2048/2048,graph,113,23.6099,15.9059,23.6538,23.6099,
25,8,131072,8192,hyprefill,2048/2048/2048,graph,114,23.9020,15.9378,23.9499,23.9020,
25,8,131072,8192,hyprefill,2048/2048/2048,graph,115,23.2934,15.3568,23.3379,23.2934,
25,8,131072,8192,hyprefill,2048/2048/2048,graph,116,23.7030,15.6632,23.7488,23.7030,
25,8,131072,8192,hyprefill,2048/2048/2048,graph,117,22.8768,15.3568,22.9236,22.8768,
25,8,131072,8192,hyprefill,2048/2048/2048,graph,118,23.9413,15.9378,23.9883,23.9413,
25,8,131072,8192,hyprefill,2048/2048/2048,graph,119,22.9098,15.3568,22.9525,22.9098,
25,8,131072,8192,hyprefill,2048/2048/2048,graph,120,23.6132,15.9378,23.6603,23.6132,
25,8,131072,8192,hyprefill,2048/2048/2048,graph,121,23.1424,15.6314,23.1864,23.1424,
25,8,131072,8192,hyprefill,2048/2048/2048,graph,122,22.9015,16.4551,22.9443,22.9015,
25,8,131072,8192,hyprefill,2048/2048/2048,graph,123,23.3226,15.9059,23.3664,23.3226,
25,8,131072,8192,hyprefill,2048/2048/2048,graph,124,23.8508,15.9378,23.8972,23.8508,
25,8,131072,8192,hyprefill,2048/2048/2048,graph,125,23.7020,15.6314,23.7462,23.7020,
25,8,131072,8192,hyprefill,2048/2048/2048,graph,126,23.9555,15.9378,24.0005,23.9555,
25,8,131072,8192,hyprefill,2048/2048/2048,graph,127,23.6104,15.6314,23.6538,23.6104,
25,8,131072,8192,hyprefill,2048/2048/2048,graph,128,24.0205,15.6632,24.0678,24.0205,
25,8,131072,8192,hyprefill,2048/2048/2048,graph,129,23.4915,15.6314,23.5348,23.4915,
25,8,131072,8192,hyprefill,2048/2048/2048,graph,130,23.7966,16.2124,23.8418,23.7966,
25,8,131072,8192,hyprefill,2048/2048/2048,graph,131,23.6585,15.3568,23.7061,23.6585,
25,8,131072,8192,hyprefill,2048/2048/2048,graph,132,23.7411,16.2124,23.7967,23.7411,
25,8,131072,8192,hyprefill,2048/2048/2048,graph,133,23.7092,15.3568,23.7690,23.7092,
25,8,131072,8192,hyprefill,2048/2048/2048,graph,134,23.8046,16.2124,23.8536,23.8046,
25,8,131072,8192,hyprefill,2048/2048/2048,graph,135,23.8012,15.6314,23.8463,23.8012,
25,8,131072,8192,hyprefill,2048/2048/2048,graph,136,23.9968,15.9378,24.0445,23.9968,
25,8,131072,8192,hyprefill,2048/2048/2048,graph,137,23.8840,15.6314,23.9311,23.8840,
25,8,131072,8192,hyprefill,2048/2048/2048,graph,138,23.9593,15.9378,24.0145,23.9593,
25,8,131072,8192,hyprefill,2048/2048/2048,graph,139,23.8241,15.6314,23.8770,23.8241,
25,8,131072,8192,hyprefill,2048/2048/2048,graph,140,23.9109,15.9378,23.9608,23.9109,
25,8,131072,8192,hyprefill,2048/2048/2048,graph,141,23.5645,15.9059,23.6125,23.5645,
25,8,131072,8192,hyprefill,2048/2048/2048,graph,142,23.6797,16.2124,23.7286,23.6797,
25,8,131072,8192,hyprefill,2048/2048/2048,graph,143,23.8745,15.0822,23.9212,23.8745,
25,8,131072,8192,hyprefill,2048/2048/2048,graph,144,23.9626,15.9378,24.0091,23.9626,
25,8,131072,8192,hyprefill,2048/2048/2048,graph,145,22.3734,15.6314,22.4203,22.3734,
25,8,131072,8192,hyprefill,2048/2048/2048,graph,146,24.1808,15.6632,24.2260,24.1808,
25,8,131072,8192,hyprefill,2048/2048/2048,graph,147,22.8147,15.6314,22.8593,22.8147,
25,8,131072,8192,hyprefill,2048/2048/2048,graph,148,23.7934,15.9378,23.8413,23.7934,
25,8,131072,8192,hyprefill,2048/2048/2048,graph,149,24.0034,14.5648,24.0488,24.0034,
25,8,131072,8192,hyprefill,2048/2048/2048,graph,150,23.5416,15.9378,23.5872,23.5416,
25,8,131072,8192,hyprefill,2048/2048/2048,graph,151,23.6159,15.3568,23.6604,23.6159,
25,8,131072,8192,hyprefill,2048/2048/2048,graph,152,24.0005,15.9378,24.0463,24.0005,
25,8,131072,8192,hyprefill,2048/2048/2048,graph,153,23.6663,14.8394,23.7115,23.6663,
25,8,131072,8192,hyprefill,2048/2048/2048,graph,154,24.0289,15.6632,24.0745,24.0289,
25,8,131072,8192,hyprefill,2048/2048/2048,graph,155,22.4711,15.6314,22.5152,22.4711,
25,8,131072,8192,hyprefill,2048/2048/2048,graph,156,23.7454,15.3886,23.7925,23.7454,
25,8,131072,8192,hyprefill,2048/2048/2048,graph,157,24.1052,15.1140,24.1564,24.1052,
25,8,131072,8192,hyprefill,2048/2048/2048,graph,158,23.6892,15.6632,23.7460,23.6892,
25,8,131072,8192,hyprefill,2048/2048/2048,graph,159,22.7871,15.3568,22.8298,22.7871,
25,8,131072,8192,hyprefill,2048/2048/2048,graph,160,23.7488,15.9378,23.7945,23.7488,
25,8,131072,8192,hyprefill,2048/2048/2048,graph,161,23.9211,14.8394,23.9762,23.9211,
25,8,131072,8192,hyprefill,2048/2048/2048,graph,162,23.6479,15.3886,23.6937,23.6479,
25,8,131072,8192,hyprefill,2048/2048/2048,graph,163,22.6333,15.6314,22.6772,22.6333,
25,8,131072,8192,hyprefill,2048/2048/2048,graph,164,23.6540,15.6632,23.7028,23.6540,
25,8,131072,8192,hyprefill,2048/2048/2048,graph,165,23.0764,15.6314,23.1223,23.0764,
25,8,131072,8192,hyprefill,2048/2048/2048,graph,166,23.9304,15.3886,23.9778,23.9304,
25,8,131072,8192,hyprefill,2048/2048/2048,graph,167,23.9555,15.1140,24.0027,23.9555,
25,8,131072,8192,hyprefill,2048/2048/2048,graph,168,22.3197,16.4551,22.3639,22.3197,
25,8,131072,8192,hyprefill,2048/2048/2048,graph,169,23.0688,15.6314,23.1132,23.0688,
25,8,131072,8192,hyprefill,2048/2048/2048,graph,170,23.5693,15.6632,23.6148,23.5693,
25,8,131072,8192,hyprefill,2048/2048/2048,graph,171,23.8364,15.1140,23.8860,23.8364,
25,8,131072,8192,hyprefill,2048/2048/2048,graph,172,23.2097,16.1805,23.2498,23.2097,
25,8,131072,8192,hyprefill,2048/2048/2048,graph,173,22.9686,16.1805,23.0151,22.9686,
25,8,131072,8192,hyprefill,2048/2048/2048,graph,174,23.8441,15.6632,23.8886,23.8441,
25,8,131072,8192,hyprefill,2048/2048/2048,graph,175,22.9974,15.3568,23.0426,22.9974,
25,8,131072,8192,hyprefill,2048/2048/2048,graph,176,23.5692,15.9378,23.6163,23.5692,
25,8,131072,8192,hyprefill,2048/2048/2048,graph,177,23.8568,15.6314,23.9018,23.8568,
25,8,131072,8192,hyprefill,2048/2048/2048,graph,178,24.0476,16.2124,24.1059,24.0476,
25,8,131072,8192,hyprefill,2048/2048/2048,graph,179,23.5702,15.3568,23.6169,23.5702,
25,8,131072,8192,hyprefill,2048/2048/2048,graph,180,23.8718,15.9378,23.9193,23.8718,
25,8,131072,8192,hyprefill,2048/2048/2048,graph,181,23.4414,15.9059,23.4875,23.4414,
25,8,131072,8192,hyprefill,2048/2048/2048,graph,182,23.8167,15.9378,23.8631,23.8167,
25,8,131072,8192,hyprefill,2048/2048/2048,graph,183,23.1190,15.3568,23.1632,23.1190,
25,8,131072,8192,hyprefill,2048/2048/2048,graph,184,23.8293,15.9378,23.8886,23.8293,
25,8,131072,8192,hyprefill,2048/2048/2048,graph,185,23.5881,15.6314,23.6364,23.5881,
25,8,131072,8192,hyprefill,2048/2048/2048,graph,186,23.9211,16.2124,23.9691,23.9211,
25,8,131072,8192,hyprefill,2048/2048/2048,graph,187,23.8366,15.6314,23.8819,23.8366,
25,8,131072,8192,hyprefill,2048/2048/2048,graph,188,23.7551,15.6632,23.8018,23.7551,
25,8,131072,8192,hyprefill,2048/2048/2048,graph,189,23.3504,16.1805,23.3995,23.3504,
25,8,131072,8192,hyprefill,2048/2048/2048,graph,190,24.0635,15.9378,24.1099,24.0635,
25,8,131072,8192,hyprefill,2048/2048/2048,graph,191,23.6875,15.6314,23.7323,23.6875,
25,8,131072,8192,hyprefill,2048/2048/2048,graph,192,23.8283,15.6632,23.8803,23.8283,
25,8,131072,8192,hyprefill,2048/2048/2048,graph,193,23.7312,15.9059,23.7769,23.7312,
25,8,131072,8192,hyprefill,2048/2048/2048,graph,194,23.1175,16.7297,23.1643,23.1175,
25,8,131072,8192,hyprefill,2048/2048/2048,graph,195,23.5880,15.9059,23.6334,23.5880,
25,8,131072,8192,hyprefill,2048/2048/2048,graph,196,24.0963,15.3886,24.1419,24.0963,
25,8,131072,8192,hyprefill,2048/2048/2048,graph,197,24.0106,15.1140,24.0560,24.0106,
25,8,131072,8192,hyprefill,2048/2048/2048,graph,198,23.0255,16.4551,23.0715,23.0255,
25,8,131072,8192,hyprefill,2048/2048/2048,graph,199,23.2478,16.1805,23.2906,23.2478,
25,8,131072,8192,hyprefill,6144/6144/6144,graph,0,16.3753,14.7439,16.4211,16.3753,
25,8,131072,8192,hyprefill,6144/6144/6144,graph,1,17.3218,14.7439,17.3664,17.3218,
25,8,131072,8192,hyprefill,6144/6144/6144,graph,2,22.6480,13.9520,22.6951,22.6480,
25,8,131072,8192,hyprefill,6144/6144/6144,graph,3,22.4639,13.9520,22.5110,22.4639,
25,8,131072,8192,hyprefill,6144/6144/6144,graph,4,22.4072,13.9520,22.4555,22.4072,
25,8,131072,8192,hyprefill,6144/6144/6144,graph,5,22.7553,13.9520,22.8016,22.7553,
25,8,131072,8192,hyprefill,6144/6144/6144,graph,6,22.7971,13.9520,22.8441,22.7971,
25,8,131072,8192,hyprefill,6144/6144/6144,graph,7,23.1621,14.2266,23.2086,23.1621,
25,8,131072,8192,hyprefill,6144/6144/6144,graph,8,16.6097,14.4693,16.6546,16.6097,
25,8,131072,8192,hyprefill,6144/6144/6144,graph,9,17.9137,15.0185,17.9590,17.9137,
25,8,131072,8192,hyprefill,6144/6144/6144,graph,10,22.6779,13.9520,22.7265,22.6779,
25,8,131072,8192,hyprefill,6144/6144/6144,graph,11,22.5019,13.9520,22.5545,22.5019,
25,8,131072,8192,hyprefill,6144/6144/6144,graph,12,22.9019,14.2266,22.9739,22.9019,
25,8,131072,8192,hyprefill,6144/6144/6144,graph,13,22.8284,13.9520,22.8775,22.8284,
25,8,131072,8192,hyprefill,6144/6144/6144,graph,14,23.2998,14.2266,23.3561,23.2998,
25,8,131072,8192,hyprefill,6144/6144/6144,graph,15,22.6230,13.9520,22.6716,22.6230,
25,8,131072,8192,hyprefill,6144/6144/6144,graph,16,22.9885,14.2266,23.0408,22.9885,
25,8,131072,8192,hyprefill,6144/6144/6144,graph,17,18.6988,14.4693,18.7462,18.6988,
25,8,131072,8192,hyprefill,6144/6144/6144,graph,18,23.1177,14.2266,23.1651,23.1177,
25,8,131072,8192,hyprefill,6144/6144/6144,graph,19,22.5818,13.9520,22.6286,22.5818,
25,8,131072,8192,hyprefill,6144/6144/6144,graph,20,22.3412,13.9520,22.3884,22.3412,
25,8,131072,8192,hyprefill,6144/6144/6144,graph,21,22.8120,13.9520,22.8592,22.8120,
25,8,131072,8192,hyprefill,6144/6144/6144,graph,22,22.6472,13.9520,22.6984,22.6472,
25,8,131072,8192,hyprefill,6144/6144/6144,graph,23,22.6373,13.9520,22.6850,22.6373,
25,8,131072,8192,hyprefill,6144/6144/6144,graph,24,19.8066,15.0185,19.8503,19.8066,
25,8,131072,8192,hyprefill,6144/6144/6144,graph,25,19.5461,15.2931,19.5906,19.5461,
25,8,131072,8192,hyprefill,6144/6144/6144,graph,26,23.1707,14.2266,23.2176,23.1707,
25,8,131072,8192,hyprefill,6144/6144/6144,graph,27,22.5403,13.9520,22.5920,22.5403,
25,8,131072,8192,hyprefill,6144/6144/6144,graph,28,22.3895,13.9520,22.4390,22.3895,
25,8,131072,8192,hyprefill,6144/6144/6144,graph,29,22.8086,13.9520,22.8563,22.8086,
25,8,131072,8192,hyprefill,6144/6144/6144,graph,30,22.7665,13.9520,22.8159,22.7665,
25,8,131072,8192,hyprefill,6144/6144/6144,graph,31,22.8999,13.6774,22.9558,22.8999,
25,8,131072,8192,hyprefill,6144/6144/6144,graph,32,22.5885,14.5012,22.6360,22.5885,
25,8,131072,8192,hyprefill,6144/6144/6144,graph,33,19.5202,14.4693,19.5651,19.5202,
25,8,131072,8192,hyprefill,6144/6144/6144,graph,34,22.8043,14.5012,22.8517,22.8043,
25,8,131072,8192,hyprefill,6144/6144/6144,graph,35,22.7206,13.6774,22.7676,22.7206,
25,8,131072,8192,hyprefill,6144/6144/6144,graph,36,22.9485,14.2266,22.9961,22.9485,
25,8,131072,8192,hyprefill,6144/6144/6144,graph,37,22.7950,13.6774,22.8416,22.7950,
25,8,131072,8192,hyprefill,6144/6144/6144,graph,38,22.6472,13.9520,22.6961,22.6472,
25,8,131072,8192,hyprefill,6144/6144/6144,graph,39,22.5333,13.9520,22.5860,22.5333,
25,8,131072,8192,hyprefill,6144/6144/6144,graph,40,22.3142,13.9520,22.3622,22.3142,
25,8,131072,8192,hyprefill,6144/6144/6144,graph,41,23.3301,14.2266,23.3832,23.3301,
25,8,131072,8192,hyprefill,6144/6144/6144,graph,42,23.1810,14.2266,23.2277,23.1810,
25,8,131072,8192,hyprefill,6144/6144/6144,graph,43,17.5177,14.4693,17.5677,17.5177,
25,8,131072,8192,hyprefill,6144/6144/6144,graph,44,22.9593,14.2266,23.0146,22.9593,
25,8,131072,8192,hyprefill,6144/6144/6144,graph,45,22.3570,13.9520,22.4073,22.3570,
25,8,131072,8192,hyprefill,6144/6144/6144,graph,46,23.0924,13.6774,23.1508,23.0924,
25,8,131072,8192,hyprefill,6144/6144/6144,graph,47,22.7859,14.5012,22.8359,22.7859,
25,8,131072,8192,hyprefill,6144/6144/6144,graph,48,22.7002,13.6774,22.7477,22.7002,
25,8,131072,8192,hyprefill,6144/6144/6144,graph,49,23.2918,14.2266,23.3380,23.2918,
25,8,131072,8192,hyprefill,6144/6144/6144,graph,50,16.6407,14.4693,16.6874,16.6407,
25,8,131072,8192,hyprefill,6144/6144/6144,graph,51,23.0496,14.2266,23.0966,23.0496,
25,8,131072,8192,hyprefill,6144/6144/6144,graph,52,17.3429,14.7439,17.3934,17.3429,
25,8,131072,8192,hyprefill,6144/6144/6144,graph,53,22.6094,14.5012,22.6611,22.6094,
25,8,131072,8192,hyprefill,6144/6144/6144,graph,54,23.0991,13.6774,23.1473,23.0991,
25,8,131072,8192,hyprefill,6144/6144/6144,graph,55,22.7896,14.5012,22.8390,22.7896,
25,8,131072,8192,hyprefill,6144/6144/6144,graph,56,23.0060,13.4028,23.0555,23.0060,
25,8,131072,8192,hyprefill,6144/6144/6144,graph,57,22.9502,14.5012,22.9989,22.9502,
25,8,131072,8192,hyprefill,6144/6144/6144,graph,58,22.7000,13.6774,22.7483,22.7000,
25,8,131072,8192,hyprefill,6144/6144/6144,graph,59,22.8807,14.5012,22.9288,22.8807,
25,8,131072,8192,hyprefill,6144/6144/6144,graph,60,18.0332,14.1947,18.0796,18.0332,
25,8,131072,8192,hyprefill,6144/6144/6144,graph,61,22.7544,14.5012,22.8022,22.7544,
25,8,131072,8192,hyprefill,6144/6144/6144,graph,62,17.6661,14.4693,17.7118,17.6661,
25,8,131072,8192,hyprefill,6144/6144/6144,graph,63,22.9248,14.5012,22.9721,22.9248,
25,8,131072,8192,hyprefill,6144/6144/6144,graph,64,22.6286,13.6774,22.6761,22.6286,
25,8,131072,8192,hyprefill,6144/6144/6144,graph,65,23.0290,14.5012,23.0748,23.0290,
25,8,131072,8192,hyprefill,6144/6144/6144,graph,66,22.7099,13.6774,22.7566,22.7099,
25,8,131072,8192,hyprefill,6144/6144/6144,graph,67,22.8834,14.5012,22.9303,22.8834,
25,8,131072,8192,hyprefill,6144/6144/6144,graph,68,16.9265,14.1947,16.9743,16.9265,
25,8,131072,8192,hyprefill,6144/6144/6144,graph,69,22.7101,14.5012,22.7581,22.7101,
25,8,131072,8192,hyprefill,6144/6144/6144,graph,70,18.6134,14.4693,18.6582,18.6134,
25,8,131072,8192,hyprefill,6144/6144/6144,graph,71,22.7711,14.5012,22.8184,22.7711,
25,8,131072,8192,hyprefill,6144/6144/6144,graph,72,22.7671,13.6774,22.8143,22.7671,
25,8,131072,8192,hyprefill,6144/6144/6144,graph,73,23.2492,14.2266,23.2958,23.2492,
25,8,131072,8192,hyprefill,6144/6144/6144,graph,74,22.8853,13.6774,22.9333,22.8853,
25,8,131072,8192,hyprefill,6144/6144/6144,graph,75,23.1490,14.2266,23.1954,23.1490,
25,8,131072,8192,hyprefill,6144/6144/6144,graph,76,17.2744,14.7439,17.3235,17.2744,
25,8,131072,8192,hyprefill,6144/6144/6144,graph,77,23.0287,14.2266,23.0771,23.0287,
25,8,131072,8192,hyprefill,6144/6144/6144,graph,78,18.2648,14.7439,18.3164,18.2648,
25,8,131072,8192,hyprefill,6144/6144/6144,graph,79,23.1575,14.2266,23.2092,23.1575,
25,8,131072,8192,hyprefill,6144/6144/6144,graph,80,22.6380,13.6774,22.6884,22.6380,
25,8,131072,8192,hyprefill,6144/6144/6144,graph,81,22.9714,14.5012,23.0206,22.9714,
25,8,131072,8192,hyprefill,6144/6144/6144,graph,82,22.7434,13.6774,22.7908,22.7434,
25,8,131072,8192,hyprefill,6144/6144/6144,graph,83,22.8758,14.5012,22.9318,22.8758,
25,8,131072,8192,hyprefill,6144/6144/6144,graph,84,17.9208,14.1947,17.9731,17.9208,
25,8,131072,8192,hyprefill,6144/6144/6144,graph,85,22.7987,14.5012,22.8487,22.7987,
25,8,131072,8192,hyprefill,6144/6144/6144,graph,86,17.5954,14.4693,17.6465,17.5954,
25,8,131072,8192,hyprefill,6144/6144/6144,graph,87,22.9436,14.5012,22.9939,22.9436,
25,8,131072,8192,hyprefill,6144/6144/6144,graph,88,22.8074,13.6774,22.8573,22.8074,
25,8,131072,8192,hyprefill,6144/6144/6144,graph,89,22.8487,13.9520,22.9251,22.8487,
25,8,131072,8192,hyprefill,6144/6144/6144,graph,90,22.7836,13.6774,22.8317,22.7836,
25,8,131072,8192,hyprefill,6144/6144/6144,graph,91,22.9073,14.5012,22.9560,22.9073,
25,8,131072,8192,hyprefill,6144/6144/6144,graph,92,22.3499,13.9520,22.3985,22.3499,
25,8,131072,8192,hyprefill,6144/6144/6144,graph,93,22.4591,13.9520,22.5060,22.4591,
25,8,131072,8192,hyprefill,6144/6144/6144,graph,94,17.6866,14.4693,17.7326,17.6866,
25,8,131072,8192,hyprefill,6144/6144/6144,graph,95,23.2884,14.2266,23.3361,23.2884,
25,8,131072,8192,hyprefill,6144/6144/6144,graph,96,22.4142,13.9520,22.4618,22.4142,
25,8,131072,8192,hyprefill,6144/6144/6144,graph,97,22.6970,13.9520,22.7446,22.6970,
25,8,131072,8192,hyprefill,6144/6144/6144,graph,98,22.5047,13.9520,22.5513,22.5047,
25,8,131072,8192,hyprefill,6144/6144/6144,graph,99,22.5203,13.9520,22.5668,22.5203,
25,8,131072,8192,hyprefill,6144/6144/6144,graph,100,22.3920,13.9520,22.4396,22.3920,
25,8,131072,8192,hyprefill,6144/6144/6144,graph,101,22.4620,13.9520,22.5095,22.4620,
25,8,131072,8192,hyprefill,6144/6144/6144,graph,102,17.9518,15.0185,17.9973,17.9518,
25,8,131072,8192,hyprefill,6144/6144/6144,graph,103,18.9497,15.0185,18.9975,18.9497,
25,8,131072,8192,hyprefill,6144/6144/6144,graph,104,22.4160,13.9520,22.4660,22.4160,
25,8,131072,8192,hyprefill,6144/6144/6144,graph,105,22.7704,13.9520,22.8180,22.7704,
25,8,131072,8192,hyprefill,6144/6144/6144,graph,106,22.4930,13.9520,22.5413,22.4930,
25,8,131072,8192,hyprefill,6144/6144/6144,graph,107,22.5960,13.9520,22.6381,22.5960,
25,8,131072,8192,hyprefill,6144/6144/6144,graph,108,22.8562,14.2266,22.9032,22.8562,
25,8,131072,8192,hyprefill,6144/6144/6144,graph,109,22.9738,14.2266,23.0215,22.9738,
25,8,131072,8192,hyprefill,6144/6144/6144,graph,110,18.5730,14.4693,18.6176,18.5730,
25,8,131072,8192,hyprefill,6144/6144/6144,graph,111,18.5036,15.2931,18.5498,18.5036,
25,8,131072,8192,hyprefill,6144/6144/6144,graph,112,22.9086,14.2266,22.9567,22.9086,
25,8,131072,8192,hyprefill,6144/6144/6144,graph,113,22.7655,13.9520,22.8139,22.7655,
25,8,131072,8192,hyprefill,6144/6144/6144,graph,114,22.4812,13.9520,22.5306,22.4812,
25,8,131072,8192,hyprefill,6144/6144/6144,graph,115,22.6057,13.9520,22.6558,22.6057,
25,8,131072,8192,hyprefill,6144/6144/6144,graph,116,22.8694,14.2266,22.9180,22.8694,
25,8,131072,8192,hyprefill,6144/6144/6144,graph,117,22.5597,13.9520,22.6077,22.5597,
25,8,131072,8192,hyprefill,6144/6144/6144,graph,118,18.5946,14.4693,18.6410,18.5946,
25,8,131072,8192,hyprefill,6144/6144/6144,graph,119,23.2405,14.2266,23.2889,23.2405,
25,8,131072,8192,hyprefill,6144/6144/6144,graph,120,22.9522,14.2266,22.9999,22.9522,
25,8,131072,8192,hyprefill,6144/6144/6144,graph,121,23.0800,13.6774,23.1262,23.0800,
25,8,131072,8192,hyprefill,6144/6144/6144,graph,122,22.4305,13.9520,22.4767,22.4305,
25,8,131072,8192,hyprefill,6144/6144/6144,graph,123,23.0595,13.6774,23.1048,23.0595,
25,8,131072,8192,hyprefill,6144/6144/6144,graph,124,22.8876,14.2266,22.9342,22.8876,
25,8,131072,8192,hyprefill,6144/6144/6144,graph,125,23.3442,14.2266,23.3900,23.3442,
25,8,131072,8192,hyprefill,6144/6144/6144,graph,126,23.0622,14.2266,23.1076,23.0622,
25,8,131072,8192,hyprefill,6144/6144/6144,graph,127,18.7119,14.4693,18.7633,18.7119,
25,8,131072,8192,hyprefill,6144/6144/6144,graph,128,23.1173,14.2266,23.1691,23.1173,
25,8,131072,8192,hyprefill,6144/6144/6144,graph,129,22.7169,13.9520,22.7681,22.7169,
25,8,131072,8192,hyprefill,6144/6144/6144,graph,130,22.9760,14.2266,23.0297,22.9760,
25,8,131072,8192,hyprefill,6144/6144/6144,graph,131,22.9352,13.6774,22.9854,22.9352,
25,8,131072,8192,hyprefill,6144/6144/6144,graph,132,22.9058,14.2266,22.9632,22.9058,
25,8,131072,8192,hyprefill,6144/6144/6144,graph,133,22.9225,13.6774,22.9696,22.9225,
25,8,131072,8192,hyprefill,6144/6144/6144,graph,134,22.5421,14.5012,22.5970,22.5421,
25,8,131072,8192,hyprefill,6144/6144/6144,graph,135,16.8658,14.1947,16.9142,16.8658,
25,8,131072,8192,hyprefill,6144/6144/6144,graph,136,22.8237,14.5012,22.8723,22.8237,
25,8,131072,8192,hyprefill,6144/6144/6144,graph,137,22.6943,13.6774,22.7414,22.6943,
25,8,131072,8192,hyprefill,6144/6144/6144,graph,138,23.0423,14.2266,23.0896,23.0423,
25,8,131072,8192,hyprefill,6144/6144/6144,graph,139,16.6216,14.4693,16.6674,16.6216,
25,8,131072,8192,hyprefill,6144/6144/6144,graph,140,22.6172,14.5012,22.6629,22.6172,
25,8,131072,8192,hyprefill,6144/6144/6144,graph,141,22.9996,13.6774,23.0509,22.9996,
25,8,131072,8192,hyprefill,6144/6144/6144,graph,142,22.5151,14.5012,22.5658,22.5151,
25,8,131072,8192,hyprefill,6144/6144/6144,graph,143,17.9401,14.1947,17.9863,17.9401,
25,8,131072,8192,hyprefill,6144/6144/6144,graph,144,22.8303,14.5012,22.8794,22.8303,
25,8,131072,8192,hyprefill,6144/6144/6144,graph,145,22.7840,13.6774,22.8316,22.7840,
25,8,131072,8192,hyprefill,6144/6144/6144,graph,146,22.7270,14.5012,22.7755,22.7270,
25,8,131072,8192,hyprefill,6144/6144/6144,graph,147,18.0091,14.1947,18.0544,18.0091,
25,8,131072,8192,hyprefill,6144/6144/6144,graph,148,22.6393,14.5012,22.6866,22.6393,
25,8,131072,8192,hyprefill,6144/6144/6144,graph,149,23.0657,13.6774,23.1112,23.0657,
25,8,131072,8192,hyprefill,6144/6144/6144,graph,150,22.8945,14.2266,22.9411,22.8945,
25,8,131072,8192,hyprefill,6144/6144/6144,graph,151,22.7111,13.9520,22.7580,22.7111,
25,8,131072,8192,hyprefill,6144/6144/6144,graph,152,22.5543,13.9520,22.6007,22.5543,
25,8,131072,8192,hyprefill,6144/6144/6144,graph,153,22.4389,13.9520,22.4864,22.4389,
25,8,131072,8192,hyprefill,6144/6144/6144,graph,154,23.1683,14.2266,23.2151,23.1683,
25,8,131072,8192,hyprefill,6144/6144/6144,graph,155,17.2591,14.7439,17.3068,17.2591,
25,8,131072,8192,hyprefill,6144/6144/6144,graph,156,22.3189,13.9520,22.3671,22.3189,
25,8,131072,8192,hyprefill,6144/6144/6144,graph,157,22.6447,13.9520,22.6943,22.6447,
25,8,131072,8192,hyprefill,6144/6144/6144,graph,158,22.9310,14.2266,22.9785,22.9310,
25,8,131072,8192,hyprefill,6144/6144/6144,graph,159,23.2607,14.2266,23.3072,23.2607,
25,8,131072,8192,hyprefill,6144/6144/6144,graph,160,22.6540,13.9520,22.7000,22.6540,
25,8,131072,8192,hyprefill,6144/6144/6144,graph,161,23.0202,14.2266,23.0673,23.0202,
25,8,131072,8192,hyprefill,6144/6144/6144,graph,162,18.6296,14.4693,18.6739,18.6296,
25,8,131072,8192,hyprefill,6144/6144/6144,graph,163,17.5980,15.2931,17.6452,17.5980,
25,8,131072,8192,hyprefill,6144/6144/6144,graph,164,22.3848,13.9520,22.4311,22.3848,
25,8,131072,8192,hyprefill,6144/6144/6144,graph,165,22.7987,13.9520,22.8457,22.7987,
25,8,131072,8192,hyprefill,6144/6144/6144,graph,166,22.8136,14.2266,22.8610,22.8136,
25,8,131072,8192,hyprefill,6144/6144/6144,graph,167,22.7978,13.9520,22.8446,22.7978,
25,8,131072,8192,hyprefill,6144/6144/6144,graph,168,23.1443,14.2266,23.1912,23.1443,
25,8,131072,8192,hyprefill,6144/6144/6144,graph,169,22.4761,13.9520,22.5288,22.4761,
25,8,131072,8192,hyprefill,6144/6144/6144,graph,170,18.5600,14.4693,18.6046,18.5600,
25,8,131072,8192,hyprefill,6144/6144/6144,graph,171,18.4710,15.2931,18.5163,18.4710,
25,8,131072,8192,hyprefill,6144/6144/6144,graph,172,22.9127,14.2266,22.9563,22.9127,
25,8,131072,8192,hyprefill,6144/6144/6144,graph,173,22.7645,13.9520,22.8110,22.7645,
25,8,131072,8192,hyprefill,6144/6144/6144,graph,174,22.3746,13.9520,22.4224,22.3746,
25,8,131072,8192,hyprefill,6144/6144/6144,graph,175,22.6081,13.9520,22.6539,22.6081,
25,8,131072,8192,hyprefill,6144/6144/6144,graph,176,22.7230,13.9520,22.7694,22.7230,
25,8,131072,8192,hyprefill,6144/6144/6144,graph,177,23.0159,14.2266,23.0623,23.0159,
25,8,131072,8192,hyprefill,6144/6144/6144,graph,178,18.7823,14.4693,18.8461,18.7823,
25,8,131072,8192,hyprefill,6144/6144/6144,graph,179,23.1920,14.2266,23.2390,23.1920,
25,8,131072,8192,hyprefill,6144/6144/6144,graph,180,23.0490,14.2266,23.0973,23.0490,
25,8,131072,8192,hyprefill,6144/6144/6144,graph,181,22.8187,13.9520,22.8655,22.8187,
25,8,131072,8192,hyprefill,6144/6144/6144,graph,182,22.8029,13.6774,22.8492,22.8029,
25,8,131072,8192,hyprefill,6144/6144/6144,graph,183,23.0234,14.5012,23.0764,23.0234,
25,8,131072,8192,hyprefill,6144/6144/6144,graph,184,23.0602,13.6774,23.1096,23.0602,
25,8,131072,8192,hyprefill,6144/6144/6144,graph,185,22.7350,14.5012,22.7835,22.7350,
25,8,131072,8192,hyprefill,6144/6144/6144,graph,186,18.0220,14.1947,18.0685,18.0220,
25,8,131072,8192,hyprefill,6144/6144/6144,graph,187,22.7236,14.5012,22.7715,22.7236,
25,8,131072,8192,hyprefill,6144/6144/6144,graph,188,20.1865,14.7439,20.2321,20.1865,
25,8,131072,8192,hyprefill,6144/6144/6144,graph,189,23.0645,14.5012,23.1113,23.0645,
25,8,131072,8192,hyprefill,6144/6144/6144,graph,190,22.6654,13.6774,22.7131,22.6654,
25,8,131072,8192,hyprefill,6144/6144/6144,graph,191,22.9891,14.5012,23.0423,22.9891,
25,8,131072,8192,hyprefill,6144/6144/6144,graph,192,22.9264,13.6774,22.9731,22.9264,
25,8,131072,8192,hyprefill,6144/6144/6144,graph,193,22.7473,14.5012,22.8052,22.7473,
25,8,131072,8192,hyprefill,6144/6144/6144,graph,194,22.5339,13.9520,22.5823,22.5339,
25,8,131072,8192,hyprefill,6144/6144/6144,graph,195,18.6588,14.4693,18.7036,18.6588,
25,8,131072,8192,hyprefill,6144/6144/6144,graph,196,23.0189,14.2266,23.0676,23.0189,
25,8,131072,8192,hyprefill,6144/6144/6144,graph,197,23.2955,14.2266,23.3431,23.2955,
25,8,131072,8192,hyprefill,6144/6144/6144,graph,198,22.3543,13.9520,22.4015,22.3543,
25,8,131072,8192,hyprefill,6144/6144/6144,graph,199,23.2154,14.2266,23.2625,23.2154,
25,8,131072,8192,hyprefill,1024/1024/1024,graph,0,24.3977,17.8917,24.4436,24.3977,
25,8,131072,8192,hyprefill,1024/1024/1024,graph,1,24.3679,17.0998,24.4130,24.3679,
25,8,131072,8192,hyprefill,1024/1024/1024,graph,2,24.3672,17.0998,24.4122,24.3672,
25,8,131072,8192,hyprefill,1024/1024/1024,graph,3,24.2619,17.8917,24.3058,24.2619,
25,8,131072,8192,hyprefill,1024/1024/1024,graph,4,24.4387,17.6171,24.5097,24.4387,
25,8,131072,8192,hyprefill,1024/1024/1024,graph,5,24.4364,16.8252,24.4819,24.4364,
25,8,131072,8192,hyprefill,1024/1024/1024,graph,6,24.3532,17.0998,24.3972,24.3532,
25,8,131072,8192,hyprefill,1024/1024/1024,graph,7,24.4224,17.6171,24.4673,24.4224,
25,8,131072,8192,hyprefill,1024/1024/1024,graph,8,24.1778,17.3744,24.2241,24.1778,
25,8,131072,8192,hyprefill,1024/1024/1024,graph,9,24.4695,16.5506,24.5151,24.4695,
25,8,131072,8192,hyprefill,1024/1024/1024,graph,10,24.1642,17.0998,24.2086,24.1642,
25,8,131072,8192,hyprefill,1024/1024/1024,graph,11,24.4708,17.8917,24.5166,24.4708,
25,8,131072,8192,hyprefill,1024/1024/1024,graph,12,24.3310,17.8917,24.3748,24.3310,
25,8,131072,8192,hyprefill,1024/1024/1024,graph,13,24.4000,17.8917,24.4443,24.4000,
25,8,131072,8192,hyprefill,1024/1024/1024,graph,14,24.4635,17.0998,24.5140,24.4635,
25,8,131072,8192,hyprefill,1024/1024/1024,graph,15,24.2948,17.0679,24.3417,24.2948,
25,8,131072,8192,hyprefill,1024/1024/1024,graph,16,23.9664,18.1663,24.0111,23.9664,
25,8,131072,8192,hyprefill,1024/1024/1024,graph,17,24.4259,16.8252,24.4722,24.4259,
25,8,131072,8192,hyprefill,1024/1024/1024,graph,18,24.4747,17.0998,24.5210,24.4747,
25,8,131072,8192,hyprefill,1024/1024/1024,graph,19,24.1650,17.0679,24.2099,24.1650,
25,8,131072,8192,hyprefill,1024/1024/1024,graph,20,24.4009,17.3744,24.4492,24.4009,
25,8,131072,8192,hyprefill,1024/1024/1024,graph,21,23.9566,17.6171,24.0045,23.9566,
25,8,131072,8192,hyprefill,1024/1024/1024,graph,22,24.4926,17.3744,24.5420,24.4926,
25,8,131072,8192,hyprefill,1024/1024/1024,graph,23,23.8999,17.3425,23.9451,23.8999,
25,8,131072,8192,hyprefill,1024/1024/1024,graph,24,24.2755,18.4409,24.3246,24.2755,
25,8,131072,8192,hyprefill,1024/1024/1024,graph,25,24.3617,16.5506,24.4148,24.3617,
25,8,131072,8192,hyprefill,1024/1024/1024,graph,26,24.3570,17.0998,24.4069,24.3570,
25,8,131072,8192,hyprefill,1024/1024/1024,graph,27,24.3842,17.3425,24.4295,24.3842,
25,8,131072,8192,hyprefill,1024/1024/1024,graph,28,23.9296,18.1663,23.9756,23.9296,
25,8,131072,8192,hyprefill,1024/1024/1024,graph,29,24.3395,17.3425,24.3838,24.3395,
25,8,131072,8192,hyprefill,1024/1024/1024,graph,30,24.2720,17.3744,24.3183,24.2720,
25,8,131072,8192,hyprefill,1024/1024/1024,graph,31,24.4619,17.3425,24.5065,24.4619,
25,8,131072,8192,hyprefill,1024/1024/1024,graph,32,24.2037,17.0998,24.2510,24.2037,
25,8,131072,8192,hyprefill,1024/1024/1024,graph,33,24.4904,17.0679,24.5383,24.4904,
25,8,131072,8192,hyprefill,1024/1024/1024,graph,34,24.0856,17.3744,24.1316,24.0856,
25,8,131072,8192,hyprefill,1024/1024/1024,graph,35,24.2136,17.0679,24.2587,24.2136,
25,8,131072,8192,hyprefill,1024/1024/1024,graph,36,24.3389,18.1663,24.3821,24.3389,
25,8,131072,8192,hyprefill,1024/1024/1024,graph,37,24.5169,17.3425,24.5602,24.5169,
25,8,131072,8192,hyprefill,1024/1024/1024,graph,38,24.4581,17.6490,24.5037,24.4581,
25,8,131072,8192,hyprefill,1024/1024/1024,graph,39,24.2967,17.0679,24.3402,24.2967,
25,8,131072,8192,hyprefill,1024/1024/1024,graph,40,24.4511,17.6490,24.4974,24.4511,
25,8,131072,8192,hyprefill,1024/1024/1024,graph,41,24.2325,17.0679,24.2762,24.2325,
25,8,131072,8192,hyprefill,1024/1024/1024,graph,42,24.4791,17.3744,24.5193,24.4791,
25,8,131072,8192,hyprefill,1024/1024/1024,graph,43,24.2242,17.0679,24.2695,24.2242,
25,8,131072,8192,hyprefill,1024/1024/1024,graph,44,24.4309,17.3744,24.4855,24.4309,
25,8,131072,8192,hyprefill,1024/1024/1024,graph,45,24.1070,17.0679,24.1516,24.1070,
25,8,131072,8192,hyprefill,1024/1024/1024,graph,46,24.5570,17.3744,24.6050,24.5570,
25,8,131072,8192,hyprefill,1024/1024/1024,graph,47,24.0921,17.3425,24.1381,24.0921,
25,8,131072,8192,hyprefill,1024/1024/1024,graph,48,24.5106,17.3744,24.5588,24.5106,
25,8,131072,8192,hyprefill,1024/1024/1024,graph,49,24.3358,17.3425,24.3808,24.3358,
25,8,131072,8192,hyprefill,1024/1024/1024,graph,50,24.3653,17.6490,24.4116,24.3653,
25,8,131072,8192,hyprefill,1024/1024/1024,graph,51,24.3185,17.3425,24.3626,24.3185,
25,8,131072,8192,hyprefill,1024/1024/1024,graph,52,24.3831,17.6490,24.4310,24.3831,
25,8,131072,8192,hyprefill,1024/1024/1024,graph,53,24.4921,16.7934,24.5393,24.4921,
25,8,131072,8192,hyprefill,1024/1024/1024,graph,54,24.3947,17.6490,24.4443,24.3947,
25,8,131072,8192,hyprefill,1024/1024/1024,graph,55,24.2903,16.7934,24.3360,24.2903,
25,8,131072,8192,hyprefill,1024/1024/1024,graph,56,24.0920,17.0998,24.1393,24.0920,
25,8,131072,8192,hyprefill,1024/1024/1024,graph,57,24.3331,16.2760,24.3775,24.3331,
25,8,131072,8192,hyprefill,1024/1024/1024,graph,58,24.1860,17.6490,24.2313,24.1860,
25,8,131072,8192,hyprefill,1024/1024/1024,graph,59,24.3435,17.0679,24.3868,24.3435,
25,8,131072,8192,hyprefill,1024/1024/1024,graph,60,24.0020,17.3744,24.0463,24.0020,
25,8,131072,8192,hyprefill,1024/1024/1024,graph,61,24.0252,17.3425,24.0763,24.0252,
25,8,131072,8192,hyprefill,1024/1024/1024,graph,62,24.2884,17.3744,24.3353,24.2884,
25,8,131072,8192,hyprefill,1024/1024/1024,graph,63,24.4084,17.3425,24.4541,24.4084,
25,8,131072,8192,hyprefill,1024/1024/1024,graph,64,24.3881,17.3744,24.4347,24.3881,
25,8,131072,8192,hyprefill,1024/1024/1024,graph,65,24.4613,16.2760,24.5045,24.4613,
25,8,131072,8192,hyprefill,1024/1024/1024,graph,66,24.4038,17.3744,24.4485,24.4038,
25,8,131072,8192,hyprefill,1024/1024/1024,graph,67,23.9742,16.7934,24.0172,23.9742,
25,8,131072,8192,hyprefill,1024/1024/1024,graph,68,24.4227,17.6490,24.4710,24.4227,
25,8,131072,8192,hyprefill,1024/1024/1024,graph,69,24.1869,16.2760,24.2376,24.1869,
25,8,131072,8192,hyprefill,1024/1024/1024,graph,70,24.4052,17.0998,24.4540,24.4052,
25,8,131072,8192,hyprefill,1024/1024/1024,graph,71,23.0039,17.0679,23.0530,23.0039,
25,8,131072,8192,hyprefill,1024/1024/1024,graph,72,24.3896,16.8252,24.4388,24.3896,
25,8,131072,8192,hyprefill,1024/1024/1024,graph,73,24.0245,16.8252,24.0752,24.0245,
25,8,131072,8192,hyprefill,1024/1024/1024,graph,74,24.1996,17.0998,24.2505,24.1996,
25,8,131072,8192,hyprefill,1024/1024/1024,graph,75,22.8517,17.0679,22.8994,22.8517,
25,8,131072,8192,hyprefill,1024/1024/1024,graph,76,24.4498,17.3744,24.5016,24.4498,
25,8,131072,8192,hyprefill,1024/1024/1024,graph,77,24.3493,16.8252,24.3960,24.3493,
25,8,131072,8192,hyprefill,1024/1024/1024,graph,78,24.3717,16.8252,24.4174,24.3717,
25,8,131072,8192,hyprefill,1024/1024/1024,graph,79,23.5144,17.3425,23.5585,23.5144,
25,8,131072,8192,hyprefill,1024/1024/1024,graph,80,24.3339,16.8252,24.3782,24.3339,
25,8,131072,8192,hyprefill,1024/1024/1024,graph,81,23.7027,17.3425,23.7475,23.7027,
25,8,131072,8192,hyprefill,1024/1024/1024,graph,82,24.1235,16.8252,24.1723,24.1235,
25,8,131072,8192,hyprefill,1024/1024/1024,graph,83,24.4375,16.8252,24.4853,24.4375,
25,8,131072,8192,hyprefill,1024/1024/1024,graph,84,24.2488,17.0998,24.2977,24.2488,
25,8,131072,8192,hyprefill,1024/1024/1024,graph,85,23.8356,17.3425,23.8911,23.8356,
25,8,131072,8192,hyprefill,1024/1024/1024,graph,86,24.1144,17.3744,24.1602,24.1144,
25,8,131072,8192,hyprefill,1024/1024/1024,graph,87,24.4287,17.3425,24.4743,24.4287,
25,8,131072,8192,hyprefill,1024/1024/1024,graph,88,24.4593,17.3744,24.5114,24.4593,
25,8,131072,8192,hyprefill,1024/1024/1024,graph,89,24.2662,17.6171,24.3132,24.2662,
25,8,131072,8192,hyprefill,1024/1024/1024,graph,90,24.4404,17.6490,24.4970,24.4404,
25,8,131072,8192,hyprefill,1024/1024/1024,graph,91,24.3999,16.2760,24.4509,24.3999,
25,8,131072,8192,hyprefill,1024/1024/1024,graph,92,24.4728,17.0998,24.5204,24.4728,
25,8,131072,8192,hyprefill,1024/1024/1024,graph,93,24.1266,16.7934,24.1717,24.1266,
25,8,131072,8192,hyprefill,1024/1024/1024,graph,94,24.3974,17.9235,24.4441,24.3974,
25,8,131072,8192,hyprefill,1024/1024/1024,graph,95,24.1242,17.0679,24.1725,24.1242,
25,8,131072,8192,hyprefill,1024/1024/1024,graph,96,23.6151,18.1663,23.6605,23.6151,
25,8,131072,8192,hyprefill,1024/1024/1024,graph,97,24.1175,17.0679,24.1655,24.1175,
25,8,131072,8192,hyprefill,1024/1024/1024,graph,98,24.4769,17.6490,24.5253,24.4769,
25,8,131072,8192,hyprefill,1024/1024/1024,graph,99,23.8667,17.0679,23.9110,23.8667,
25,8,131072,8192,hyprefill,1024/1024/1024,graph,100,24.3690,17.6490,24.4147,24.3690,
25,8,131072,8192,hyprefill,1024/1024/1024,graph,101,24.4458,16.7934,24.4891,24.4458,
25,8,131072,8192,hyprefill,1024/1024/1024,graph,102,24.4276,17.9235,24.4746,24.4276,
25,8,131072,8192,hyprefill,1024/1024/1024,graph,103,24.3404,16.5188,24.3843,24.3404,
25,8,131072,8192,hyprefill,1024/1024/1024,graph,104,24.3886,17.9235,24.4330,24.3886,
25,8,131072,8192,hyprefill,1024/1024/1024,graph,105,24.2375,17.0679,24.2821,24.2375,
25,8,131072,8192,hyprefill,1024/1024/1024,graph,106,24.3205,17.9235,24.3664,24.3205,
25,8,131072,8192,hyprefill,1024/1024/1024,graph,107,24.3686,16.7934,24.4090,24.3686,
25,8,131072,8192,hyprefill,1024/1024/1024,graph,108,24.3292,18.4727,24.3749,24.3292,
25,8,131072,8192,hyprefill,1024/1024/1024,graph,109,24.5128,17.0679,24.5584,24.5128,
25,8,131072,8192,hyprefill,1024/1024/1024,graph,110,24.1620,17.6490,24.2064,24.1620,
25,8,131072,8192,hyprefill,1024/1024/1024,graph,111,24.4822,17.0679,24.5279,24.4822,
25,8,131072,8192,hyprefill,1024/1024/1024,graph,112,24.0956,17.9235,24.1406,24.0956,
25,8,131072,8192,hyprefill,1024/1024/1024,graph,113,24.4041,16.7934,24.4477,24.4041,
25,8,131072,8192,hyprefill,1024/1024/1024,graph,114,24.3921,17.9235,24.4426,24.3921,
25,8,131072,8192,hyprefill,1024/1024/1024,graph,115,24.3244,16.5188,24.3695,24.3244,
25,8,131072,8192,hyprefill,1024/1024/1024,graph,116,24.3558,17.9235,24.4048,24.3558,
25,8,131072,8192,hyprefill,1024/1024/1024,graph,117,24.3085,17.3425,24.3560,24.3085,
25,8,131072,8192,hyprefill,1024/1024/1024,graph,118,24.4545,17.3744,24.5013,24.4545,
25,8,131072,8192,hyprefill,1024/1024/1024,graph,119,24.1180,17.0679,24.1620,24.1180,
25,8,131072,8192,hyprefill,1024/1024/1024,graph,120,24.4841,17.9235,24.5314,24.4841,
25,8,131072,8192,hyprefill,1024/1024/1024,graph,121,24.2474,16.7934,24.2910,24.2474,
25,8,131072,8192,hyprefill,1024/1024/1024,graph,122,24.4428,17.9235,24.4890,24.4428,
25,8,131072,8192,hyprefill,1024/1024/1024,graph,123,24.0399,16.7934,24.0858,24.0399,
25,8,131072,8192,hyprefill,1024/1024/1024,graph,124,24.5455,17.9235,24.5915,24.5455,
25,8,131072,8192,hyprefill,1024/1024/1024,graph,125,24.3708,17.3425,24.4270,24.3708,
25,8,131072,8192,hyprefill,1024/1024/1024,graph,126,24.4443,17.3744,24.4896,24.4443,
25,8,131072,8192,hyprefill,1024/1024/1024,graph,127,24.3388,16.7934,24.3832,24.3388,
25,8,131072,8192,hyprefill,1024/1024/1024,graph,128,24.4776,17.3744,24.5246,24.4776,
25,8,131072,8192,hyprefill,1024/1024/1024,graph,129,24.1800,17.3425,24.2267,24.1800,
25,8,131072,8192,hyprefill,1024/1024/1024,graph,130,24.3742,17.3744,24.4225,24.3742,
25,8,131072,8192,hyprefill,1024/1024/1024,graph,131,24.2741,17.0679,24.3208,24.2741,
25,8,131072,8192,hyprefill,1024/1024/1024,graph,132,24.3119,17.9235,24.3585,24.3119,
25,8,131072,8192,hyprefill,1024/1024/1024,graph,133,24.3904,16.5188,24.4346,24.3904,
25,8,131072,8192,hyprefill,1024/1024/1024,graph,134,24.1754,17.9235,24.2220,24.1754,
25,8,131072,8192,hyprefill,1024/1024/1024,graph,135,24.3464,16.7934,24.3907,24.3464,
25,8,131072,8192,hyprefill,1024/1024/1024,graph,136,23.9859,17.6490,24.0310,23.9859,
25,8,131072,8192,hyprefill,1024/1024/1024,graph,137,24.5076,17.0679,24.5582,24.5076,
25,8,131072,8192,hyprefill,1024/1024/1024,graph,138,24.3503,17.6490,24.4041,24.3503,
25,8,131072,8192,hyprefill,1024/1024/1024,graph,139,24.3856,16.5188,24.4305,24.3856,
25,8,131072,8192,hyprefill,1024/1024/1024,graph,140,24.2916,17.9235,24.3401,24.2916,
25,8,131072,8192,hyprefill,1024/1024/1024,graph,141,24.2366,17.0679,24.2820,24.2366,
25,8,131072,8192,hyprefill,1024/1024/1024,graph,142,24.3628,17.6490,24.4094,24.3628,
25,8,131072,8192,hyprefill,1024/1024/1024,graph,143,24.4114,16.5506,24.4634,24.4114,
25,8,131072,8192,hyprefill,1024/1024/1024,graph,144,24.6206,17.0998,24.6665,24.6206,
25,8,131072,8192,hyprefill,1024/1024/1024,graph,145,24.0237,17.6171,24.0697,24.0237,
25,8,131072,8192,hyprefill,1024/1024/1024,graph,146,24.0500,17.8917,24.0986,24.0500,
25,8,131072,8192,hyprefill,1024/1024/1024,graph,147,24.0049,17.6171,24.0533,24.0049,
25,8,131072,8192,hyprefill,1024/1024/1024,graph,148,24.5178,17.0998,24.5645,24.5178,
25,8,131072,8192,hyprefill,1024/1024/1024,graph,149,24.3288,17.8917,24.3736,24.3288,
25,8,131072,8192,hyprefill,1024/1024/1024,graph,150,24.3650,16.8252,24.4109,24.3650,
25,8,131072,8192,hyprefill,1024/1024/1024,graph,151,24.4171,16.2760,24.4665,24.4171,
25,8,131072,8192,hyprefill,1024/1024/1024,graph,152,24.4109,17.6490,24.4585,24.4109,
25,8,131072,8192,hyprefill,1024/1024/1024,graph,153,24.0431,17.0679,24.0871,24.0431,
25,8,131072,8192,hyprefill,1024/1024/1024,graph,154,24.3286,17.6490,24.3741,24.3286,
25,8,131072,8192,hyprefill,1024/1024/1024,graph,155,24.4740,16.5506,24.5236,24.4740,
25,8,131072,8192,hyprefill,1024/1024/1024,graph,156,24.1684,17.0998,24.2161,24.1684,
25,8,131072,8192,hyprefill,1024/1024/1024,graph,157,23.9757,17.0679,24.0236,23.9757,
25,8,131072,8192,hyprefill,1024/1024/1024,graph,158,24.0860,17.6490,24.1320,24.0860,
25,8,131072,8192,hyprefill,1024/1024/1024,graph,159,24.2573,17.0679,24.3016,24.2573,
25,8,131072,8192,hyprefill,1024/1024/1024,graph,160,24.1985,17.3744,24.2429,24.1985,
25,8,131072,8192,hyprefill,1024/1024/1024,graph,161,24.4756,16.2760,24.5199,24.4756,
25,8,131072,8192,hyprefill,1024/1024/1024,graph,162,24.5076,17.6490,24.5531,24.5076,
25,8,131072,8192,hyprefill,1024/1024/1024,graph,163,24.3603,16.2760,24.4059,24.3603,
25,8,131072,8192,hyprefill,1024/1024/1024,graph,164,24.4580,16.8252,24.5002,24.4580,
25,8,131072,8192,hyprefill,1024/1024/1024,graph,165,23.3196,17.0679,23.3691,23.3196,
25,8,131072,8192,hyprefill,1024/1024/1024,graph,166,24.4893,17.3744,24.5331,24.4893,
25,8,131072,8192,hyprefill,1024/1024/1024,graph,167,23.3278,16.7934,23.3721,23.3278,
25,8,131072,8192,hyprefill,1024/1024/1024,graph,168,24.3480,17.6490,24.3920,24.3480,
25,8,131072,8192,hyprefill,1024/1024/1024,graph,169,24.2599,16.2760,24.3035,24.2599,
25,8,131072,8192,hyprefill,1024/1024/1024,graph,170,24.3677,17.0998,24.4113,24.3677,
25,8,131072,8192,hyprefill,1024/1024/1024,graph,171,24.1551,16.8252,24.2002,24.1551,
25,8,131072,8192,hyprefill,1024/1024/1024,graph,172,23.4184,17.0679,23.4604,23.4184,
25,8,131072,8192,hyprefill,1024/1024/1024,graph,173,22.9394,17.3425,22.9894,22.9394,
25,8,131072,8192,hyprefill,1024/1024/1024,graph,174,23.4257,17.0679,23.4721,23.4257,
25,8,131072,8192,hyprefill,1024/1024/1024,graph,175,21.5759,17.8599,21.6213,21.5759,
25,8,131072,8192,hyprefill,1024/1024/1024,graph,176,23.6156,17.0679,23.6611,23.6156,
25,8,131072,8192,hyprefill,1024/1024/1024,graph,177,24.3945,17.0998,24.4396,24.3945,
25,8,131072,8192,hyprefill,1024/1024/1024,graph,178,24.3810,16.8252,24.4285,24.3810,
25,8,131072,8192,hyprefill,1024/1024/1024,graph,179,24.3977,16.5506,24.4534,24.3977,
25,8,131072,8192,hyprefill,1024/1024/1024,graph,180,22.8891,17.0679,22.9340,22.8891,
25,8,131072,8192,hyprefill,1024/1024/1024,graph,181,24.3020,17.3744,24.3464,24.3020,
25,8,131072,8192,hyprefill,1024/1024/1024,graph,182,23.4084,17.0679,23.4514,23.4084,
25,8,131072,8192,hyprefill,1024/1024/1024,graph,183,22.0590,18.1345,22.1033,22.0590,
25,8,131072,8192,hyprefill,1024/1024/1024,graph,184,23.8511,17.0679,23.8943,23.8511,
25,8,131072,8192,hyprefill,1024/1024/1024,graph,185,24.3304,17.0998,24.3782,24.3304,
25,8,131072,8192,hyprefill,1024/1024/1024,graph,186,23.6804,17.3425,23.7293,23.6804,
25,8,131072,8192,hyprefill,1024/1024/1024,graph,187,24.5550,17.0998,24.6000,24.5550,
25,8,131072,8192,hyprefill,1024/1024/1024,graph,188,24.1134,16.8252,24.1576,24.1134,
25,8,131072,8192,hyprefill,1024/1024/1024,graph,189,24.5608,17.0998,24.6051,24.5608,
25,8,131072,8192,hyprefill,1024/1024/1024,graph,190,24.1255,17.6171,24.1698,24.1255,
25,8,131072,8192,hyprefill,1024/1024/1024,graph,191,21.2372,18.3773,21.2815,21.2372,
25,8,131072,8192,hyprefill,1024/1024/1024,graph,192,24.4312,17.0998,24.4768,24.4312,
25,8,131072,8192,hyprefill,1024/1024/1024,graph,193,24.3874,17.0998,24.4319,24.3874,
25,8,131072,8192,hyprefill,1024/1024/1024,graph,194,24.2423,17.0679,24.2853,24.2423,
25,8,131072,8192,hyprefill,1024/1024/1024,graph,195,24.2420,17.3744,24.2926,24.2420,
25,8,131072,8192,hyprefill,1024/1024/1024,graph,196,24.5235,16.5506,24.5720,24.5235,
25,8,131072,8192,hyprefill,1024/1024/1024,graph,197,24.2995,16.8252,24.3449,24.2995,
25,8,131072,8192,hyprefill,1024/1024/1024,graph,198,24.4770,17.0998,24.5237,24.4770,
25,8,131072,8192,hyprefill,1024/1024/1024,graph,199,22.2335,17.8599,22.2776,22.2335,
25,8,131072,8192,hyprefill,4096/4096/4096,graph,0,22.7197,15.0503,22.7649,22.7197,
25,8,131072,8192,hyprefill,4096/4096/4096,graph,1,22.6793,15.0503,22.7246,22.6793,
25,8,131072,8192,hyprefill,4096/4096/4096,graph,2,22.9188,15.0503,22.9650,22.9188,
25,8,131072,8192,hyprefill,4096/4096/4096,graph,3,22.7742,15.0503,22.8209,22.7742,
25,8,131072,8192,hyprefill,4096/4096/4096,graph,4,23.0156,15.0503,23.0624,23.0156,
25,8,131072,8192,hyprefill,4096/4096/4096,graph,5,22.8766,15.0503,22.9227,22.8766,
25,8,131072,8192,hyprefill,4096/4096/4096,graph,6,23.0762,15.0503,23.1220,23.0762,
25,8,131072,8192,hyprefill,4096/4096/4096,graph,7,22.9092,15.0503,22.9533,22.9092,
25,8,131072,8192,hyprefill,4096/4096/4096,graph,8,23.0434,15.0503,23.0889,23.0434,
25,8,131072,8192,hyprefill,4096/4096/4096,graph,9,22.8672,15.0503,22.9127,22.8672,
25,8,131072,8192,hyprefill,4096/4096/4096,graph,10,22.9645,15.0503,23.0091,22.9645,
25,8,131072,8192,hyprefill,4096/4096/4096,graph,11,22.7741,15.0503,22.8198,22.7741,
25,8,131072,8192,hyprefill,4096/4096/4096,graph,12,22.8550,15.0503,22.9039,22.8550,
25,8,131072,8192,hyprefill,4096/4096/4096,graph,13,22.7069,15.0503,22.7541,22.7069,
25,8,131072,8192,hyprefill,4096/4096/4096,graph,14,22.7553,15.0503,22.8026,22.7553,
25,8,131072,8192,hyprefill,4096/4096/4096,graph,15,22.5700,15.0503,22.6176,22.5700,
25,8,131072,8192,hyprefill,4096/4096/4096,graph,16,22.7556,15.0503,22.8016,22.7556,
25,8,131072,8192,hyprefill,4096/4096/4096,graph,17,22.5730,15.0503,22.6180,22.5730,
25,8,131072,8192,hyprefill,4096/4096/4096,graph,18,22.7667,15.0503,22.8118,22.7667,
25,8,131072,8192,hyprefill,4096/4096/4096,graph,19,22.6276,15.0503,22.6717,22.6276,
25,8,131072,8192,hyprefill,4096/4096/4096,graph,20,22.8275,15.0503,22.8722,22.8275,
25,8,131072,8192,hyprefill,4096/4096/4096,graph,21,22.6983,15.0503,22.7426,22.6983,
25,8,131072,8192,hyprefill,4096/4096/4096,graph,22,22.8993,15.0503,22.9441,22.8993,
25,8,131072,8192,hyprefill,4096/4096/4096,graph,23,22.7571,15.0503,22.8018,22.7571,
25,8,131072,8192,hyprefill,4096/4096/4096,graph,24,22.9138,15.0503,22.9587,22.9138,
25,8,131072,8192,hyprefill,4096/4096/4096,graph,25,22.7785,15.0503,22.8253,22.7785,
25,8,131072,8192,hyprefill,4096/4096/4096,graph,26,23.0385,15.0503,23.0830,23.0385,
25,8,131072,8192,hyprefill,4096/4096/4096,graph,27,22.8302,15.0503,22.8786,22.8302,
25,8,131072,8192,hyprefill,4096/4096/4096,graph,28,23.0820,15.0503,23.1282,23.0820,
25,8,131072,8192,hyprefill,4096/4096/4096,graph,29,22.8899,15.0503,22.9340,22.8899,
25,8,131072,8192,hyprefill,4096/4096/4096,graph,30,23.1133,15.0503,23.1588,23.1133,
25,8,131072,8192,hyprefill,4096/4096/4096,graph,31,22.9174,15.0503,22.9657,22.9174,
25,8,131072,8192,hyprefill,4096/4096/4096,graph,32,23.0839,15.0503,23.1297,23.0839,
25,8,131072,8192,hyprefill,4096/4096/4096,graph,33,22.9789,15.0503,23.0246,22.9789,
25,8,131072,8192,hyprefill,4096/4096/4096,graph,34,23.0681,15.0503,23.1132,23.0681,
25,8,131072,8192,hyprefill,4096/4096/4096,graph,35,22.9155,15.0503,22.9598,22.9155,
25,8,131072,8192,hyprefill,4096/4096/4096,graph,36,23.0622,15.0503,23.1126,23.0622,
25,8,131072,8192,hyprefill,4096/4096/4096,graph,37,22.8798,15.0503,22.9245,22.8798,
25,8,131072,8192,hyprefill,4096/4096/4096,graph,38,22.9785,15.0503,23.0225,22.9785,
25,8,131072,8192,hyprefill,4096/4096/4096,graph,39,22.8487,15.0503,22.8939,22.8487,
25,8,131072,8192,hyprefill,4096/4096/4096,graph,40,22.9407,15.0503,22.9859,22.9407,
25,8,131072,8192,hyprefill,4096/4096/4096,graph,41,22.7531,15.0503,22.7989,22.7531,
25,8,131072,8192,hyprefill,4096/4096/4096,graph,42,22.8631,15.0503,22.9059,22.8631,
25,8,131072,8192,hyprefill,4096/4096/4096,graph,43,22.7372,15.0503,22.7808,22.7372,
25,8,131072,8192,hyprefill,4096/4096/4096,graph,44,22.8903,15.0503,22.9351,22.8903,
25,8,131072,8192,hyprefill,4096/4096/4096,graph,45,22.7015,15.0503,22.7461,22.7015,
25,8,131072,8192,hyprefill,4096/4096/4096,graph,46,22.8842,15.0503,22.9282,22.8842,
25,8,131072,8192,hyprefill,4096/4096/4096,graph,47,22.6955,15.0503,22.7397,22.6955,
25,8,131072,8192,hyprefill,4096/4096/4096,graph,48,22.8710,15.0503,22.9160,22.8710,
25,8,131072,8192,hyprefill,4096/4096/4096,graph,49,22.7220,15.0503,22.7660,22.7220,
25,8,131072,8192,hyprefill,4096/4096/4096,graph,50,22.8745,15.0503,22.9196,22.8745,
25,8,131072,8192,hyprefill,4096/4096/4096,graph,51,22.7319,15.0503,22.7783,22.7319,
25,8,131072,8192,hyprefill,4096/4096/4096,graph,52,22.8808,15.0503,22.9260,22.8808,
25,8,131072,8192,hyprefill,4096/4096/4096,graph,53,22.7193,15.0503,22.7647,22.7193,
25,8,131072,8192,hyprefill,4096/4096/4096,graph,54,22.8371,15.0503,22.8810,22.8371,
25,8,131072,8192,hyprefill,4096/4096/4096,graph,55,22.7035,15.0503,22.7482,22.7035,
25,8,131072,8192,hyprefill,4096/4096/4096,graph,56,22.8389,15.0503,22.8843,22.8389,
25,8,131072,8192,hyprefill,4096/4096/4096,graph,57,22.6463,15.0503,22.6920,22.6463,
25,8,131072,8192,hyprefill,4096/4096/4096,graph,58,22.7940,15.0503,22.8380,22.7940,
25,8,131072,8192,hyprefill,4096/4096/4096,graph,59,22.6443,15.0503,22.6905,22.6443,
25,8,131072,8192,hyprefill,4096/4096/4096,graph,60,22.7374,15.0503,22.7819,22.7374,
25,8,131072,8192,hyprefill,4096/4096/4096,graph,61,22.6026,15.0503,22.6467,22.6026,
25,8,131072,8192,hyprefill,4096/4096/4096,graph,62,22.8002,15.0503,22.8514,22.8002,
25,8,131072,8192,hyprefill,4096/4096/4096,graph,63,22.1551,14.7758,22.1998,22.1551,
25,8,131072,8192,hyprefill,4096/4096/4096,graph,64,21.6797,14.7758,21.7242,21.6797,
25,8,131072,8192,hyprefill,4096/4096/4096,graph,65,21.0698,14.5012,21.1156,21.0698,
25,8,131072,8192,hyprefill,4096/4096/4096,graph,66,20.5449,14.5012,20.5974,20.5449,
25,8,131072,8192,hyprefill,4096/4096/4096,graph,67,22.7112,13.7092,22.7625,22.7112,
25,8,131072,8192,hyprefill,4096/4096/4096,graph,68,19.7037,13.9520,19.7488,19.7037,
25,8,131072,8192,hyprefill,4096/4096/4096,graph,69,19.8750,14.5012,19.9299,19.8750,
25,8,131072,8192,hyprefill,4096/4096/4096,graph,70,20.0039,14.2266,20.0481,20.0039,
25,8,131072,8192,hyprefill,4096/4096/4096,graph,71,20.3737,14.7758,20.4185,20.3737,
25,8,131072,8192,hyprefill,4096/4096/4096,graph,72,21.2156,14.5012,21.2607,21.2156,
25,8,131072,8192,hyprefill,4096/4096/4096,graph,73,21.4968,15.0503,21.5408,21.4968,
25,8,131072,8192,hyprefill,4096/4096/4096,graph,74,22.3808,14.7758,22.4264,22.3808,
25,8,131072,8192,hyprefill,4096/4096/4096,graph,75,22.1073,15.0503,22.1519,22.1073,
25,8,131072,8192,hyprefill,4096/4096/4096,graph,76,23.0177,15.0503,23.0631,23.0177,
25,8,131072,8192,hyprefill,4096/4096/4096,graph,77,23.0115,15.0503,23.0626,23.0115,
25,8,131072,8192,hyprefill,4096/4096/4096,graph,78,22.8821,15.0503,22.9316,22.8821,
25,8,131072,8192,hyprefill,4096/4096/4096,graph,79,23.0278,15.0503,23.0739,23.0278,
25,8,131072,8192,hyprefill,4096/4096/4096,graph,80,22.8563,15.0503,22.9069,22.8563,
25,8,131072,8192,hyprefill,4096/4096/4096,graph,81,23.0472,15.0503,23.0949,23.0472,
25,8,131072,8192,hyprefill,4096/4096/4096,graph,82,22.7544,15.0503,22.7990,22.7544,
25,8,131072,8192,hyprefill,4096/4096/4096,graph,83,22.8558,15.0503,22.9011,22.8558,
25,8,131072,8192,hyprefill,4096/4096/4096,graph,84,22.8258,15.0503,22.8712,22.8258,
25,8,131072,8192,hyprefill,4096/4096/4096,graph,85,22.9017,15.0503,22.9459,22.9017,
25,8,131072,8192,hyprefill,4096/4096/4096,graph,86,22.6154,15.0503,22.6604,22.6154,
25,8,131072,8192,hyprefill,4096/4096/4096,graph,87,22.8336,15.0503,22.8792,22.8336,
25,8,131072,8192,hyprefill,4096/4096/4096,graph,88,22.5679,15.0503,22.6149,22.5679,
25,8,131072,8192,hyprefill,4096/4096/4096,graph,89,22.7652,15.0503,22.8116,22.7652,
25,8,131072,8192,hyprefill,4096/4096/4096,graph,90,22.6129,15.0503,22.6589,22.6129,
25,8,131072,8192,hyprefill,4096/4096/4096,graph,91,22.5305,15.0503,22.5774,22.5305,
25,8,131072,8192,hyprefill,4096/4096/4096,graph,92,22.8218,15.0503,22.8675,22.8218,
25,8,131072,8192,hyprefill,4096/4096/4096,graph,93,22.7388,15.0503,22.7837,22.7388,
25,8,131072,8192,hyprefill,4096/4096/4096,graph,94,22.7073,15.0503,22.7540,22.7073,
25,8,131072,8192,hyprefill,4096/4096/4096,graph,95,22.8044,15.0503,22.8549,22.8044,
25,8,131072,8192,hyprefill,4096/4096/4096,graph,96,22.7644,15.0503,22.8106,22.7644,
25,8,131072,8192,hyprefill,4096/4096/4096,graph,97,22.8226,15.0503,22.8686,22.8226,
25,8,131072,8192,hyprefill,4096/4096/4096,graph,98,22.8604,15.0503,22.9100,22.8604,
25,8,131072,8192,hyprefill,4096/4096/4096,graph,99,22.7636,15.0503,22.8135,22.7636,
25,8,131072,8192,hyprefill,4096/4096/4096,graph,100,23.0612,15.0503,23.1125,23.0612,
25,8,131072,8192,hyprefill,4096/4096/4096,graph,101,23.0463,15.0503,23.0974,23.0463,
25,8,131072,8192,hyprefill,4096/4096/4096,graph,102,22.9060,15.0503,22.9589,22.9060,
25,8,131072,8192,hyprefill,4096/4096/4096,graph,103,23.0715,15.0503,23.1208,23.0715,
25,8,131072,8192,hyprefill,4096/4096/4096,graph,104,22.7967,15.0503,22.8473,22.7967,
25,8,131072,8192,hyprefill,4096/4096/4096,graph,105,23.0330,15.0503,23.0839,23.0330,
25,8,131072,8192,hyprefill,4096/4096/4096,graph,106,22.6953,15.0503,22.7437,22.6953,
25,8,131072,8192,hyprefill,4096/4096/4096,graph,107,22.8253,15.0503,22.8708,22.8253,
25,8,131072,8192,hyprefill,4096/4096/4096,graph,108,22.7545,15.0503,22.7997,22.7545,
25,8,131072,8192,hyprefill,4096/4096/4096,graph,109,22.8697,15.0503,22.9145,22.8697,
25,8,131072,8192,hyprefill,4096/4096/4096,graph,110,22.5493,15.0503,22.5963,22.5493,
25,8,131072,8192,hyprefill,4096/4096/4096,graph,111,22.7811,15.0503,22.8335,22.7811,
25,8,131072,8192,hyprefill,4096/4096/4096,graph,112,22.6545,15.0503,22.7026,22.6545,
25,8,131072,8192,hyprefill,4096/4096/4096,graph,113,22.7537,15.0503,22.8071,22.7537,
25,8,131072,8192,hyprefill,4096/4096/4096,graph,114,22.6694,15.0503,22.7151,22.6694,
25,8,131072,8192,hyprefill,4096/4096/4096,graph,115,22.6573,15.0503,22.7046,22.6573,
25,8,131072,8192,hyprefill,4096/4096/4096,graph,116,22.9126,15.0503,22.9586,22.9126,
25,8,131072,8192,hyprefill,4096/4096/4096,graph,117,22.8443,15.0503,22.8904,22.8443,
25,8,131072,8192,hyprefill,4096/4096/4096,graph,118,22.7996,15.0503,22.8439,22.7996,
25,8,131072,8192,hyprefill,4096/4096/4096,graph,119,22.8979,15.0503,22.9414,22.8979,
25,8,131072,8192,hyprefill,4096/4096/4096,graph,120,22.8178,15.0503,22.8636,22.8178,
25,8,131072,8192,hyprefill,4096/4096/4096,graph,121,22.9580,15.0503,23.0021,22.9580,
25,8,131072,8192,hyprefill,4096/4096/4096,graph,122,22.8986,15.0503,22.9426,22.8986,
25,8,131072,8192,hyprefill,4096/4096/4096,graph,123,22.8832,15.0503,22.9274,22.8832,
25,8,131072,8192,hyprefill,4096/4096/4096,graph,124,23.1124,15.0503,23.1582,23.1124,
25,8,131072,8192,hyprefill,4096/4096/4096,graph,125,23.0812,15.0503,23.1261,23.0812,
25,8,131072,8192,hyprefill,4096/4096/4096,graph,126,22.9260,15.0503,22.9718,22.9260,
25,8,131072,8192,hyprefill,4096/4096/4096,graph,127,23.1109,15.0503,23.1558,23.1109,
25,8,131072,8192,hyprefill,4096/4096/4096,graph,128,22.9409,15.0503,22.9862,22.9409,
25,8,131072,8192,hyprefill,4096/4096/4096,graph,129,23.1194,15.0503,23.1644,23.1194,
25,8,131072,8192,hyprefill,4096/4096/4096,graph,130,22.8809,15.0503,22.9264,22.8809,
25,8,131072,8192,hyprefill,4096/4096/4096,graph,131,22.3842,14.7758,22.4276,22.3842,
25,8,131072,8192,hyprefill,4096/4096/4096,graph,132,22.2577,15.0503,22.3031,22.2577,
25,8,131072,8192,hyprefill,4096/4096/4096,graph,133,22.6734,14.7758,22.7180,22.6734,
25,8,131072,8192,hyprefill,4096/4096/4096,graph,134,22.0585,15.0503,22.1035,22.0585,
25,8,131072,8192,hyprefill,4096/4096/4096,graph,135,22.5688,14.7758,22.6156,22.5688,
25,8,131072,8192,hyprefill,4096/4096/4096,graph,136,21.9261,15.0503,21.9749,21.9261,
25,8,131072,8192,hyprefill,4096/4096/4096,graph,137,22.9465,15.0503,22.9919,22.9465,
25,8,131072,8192,hyprefill,4096/4096/4096,graph,138,22.6607,15.0503,22.7072,22.6607,
25,8,131072,8192,hyprefill,4096/4096/4096,graph,139,22.7439,15.0503,22.7885,22.7439,
25,8,131072,8192,hyprefill,4096/4096/4096,graph,140,22.8616,15.0503,22.9100,22.8616,
25,8,131072,8192,hyprefill,4096/4096/4096,graph,141,22.8564,15.0503,22.9007,22.8564,
25,8,131072,8192,hyprefill,4096/4096/4096,graph,142,22.7360,15.0503,22.7799,22.7360,
25,8,131072,8192,hyprefill,4096/4096/4096,graph,143,22.9045,15.0503,22.9533,22.9045,
25,8,131072,8192,hyprefill,4096/4096/4096,graph,144,22.6844,15.0503,22.7299,22.6844,
25,8,131072,8192,hyprefill,4096/4096/4096,graph,145,22.9420,15.0503,22.9875,22.9420,
25,8,131072,8192,hyprefill,4096/4096/4096,graph,146,22.7141,15.0503,22.7591,22.7141,
25,8,131072,8192,hyprefill,4096/4096/4096,graph,147,22.7340,15.0503,22.7993,22.7340,
25,8,131072,8192,hyprefill,4096/4096/4096,graph,148,22.8226,15.0503,22.8691,22.8226,
25,8,131072,8192,hyprefill,4096/4096/4096,graph,149,22.8762,15.0503,22.9204,22.8762,
25,8,131072,8192,hyprefill,4096/4096/4096,graph,150,22.6809,15.0503,22.7263,22.6809,
25,8,131072,8192,hyprefill,4096/4096/4096,graph,151,22.8287,15.0503,22.8764,22.8287,
25,8,131072,8192,hyprefill,4096/4096/4096,graph,152,22.6589,15.0503,22.7096,22.6589,
25,8,131072,8192,hyprefill,4096/4096/4096,graph,153,22.7841,15.0503,22.8309,22.7841,
25,8,131072,8192,hyprefill,4096/4096/4096,graph,154,22.6220,15.0503,22.6677,22.6220,
25,8,131072,8192,hyprefill,4096/4096/4096,graph,155,22.6257,15.0503,22.6704,22.6257,
25,8,131072,8192,hyprefill,4096/4096/4096,graph,156,22.7686,15.0503,22.8150,22.7686,
25,8,131072,8192,hyprefill,4096/4096/4096,graph,157,22.3845,14.7758,22.4297,22.3845,
25,8,131072,8192,hyprefill,4096/4096/4096,graph,158,21.9230,15.0503,21.9671,21.9230,
25,8,131072,8192,hyprefill,4096/4096/4096,graph,159,21.8615,14.5012,21.9066,21.8615,
25,8,131072,8192,hyprefill,4096/4096/4096,graph,160,20.8212,14.7758,20.8669,20.8212,
25,8,131072,8192,hyprefill,4096/4096/4096,graph,161,20.7938,14.2266,20.8405,20.7938,
25,8,131072,8192,hyprefill,4096/4096/4096,graph,162,22.7670,13.7092,22.8124,22.7670,
25,8,131072,8192,hyprefill,4096/4096/4096,graph,163,20.0067,14.2266,20.0527,20.0067,
25,8,131072,8192,hyprefill,4096/4096/4096,graph,164,22.7235,13.9838,22.7693,22.7235,
25,8,131072,8192,hyprefill,4096/4096/4096,graph,165,20.8890,14.2266,20.9321,20.8890,
25,8,131072,8192,hyprefill,4096/4096/4096,graph,166,20.9331,14.7758,20.9778,20.9331,
25,8,131072,8192,hyprefill,4096/4096/4096,graph,167,21.8343,14.7758,21.8788,21.8343,
25,8,131072,8192,hyprefill,4096/4096/4096,graph,168,22.1385,15.0503,22.1825,22.1385,
25,8,131072,8192,hyprefill,4096/4096/4096,graph,169,23.0387,15.0503,23.0828,23.0387,
25,8,131072,8192,hyprefill,4096/4096/4096,graph,170,22.8534,15.0503,22.8978,22.8534,
25,8,131072,8192,hyprefill,4096/4096/4096,graph,171,23.0263,15.0503,23.0721,23.0263,
25,8,131072,8192,hyprefill,4096/4096/4096,graph,172,22.9018,15.0503,22.9431,22.9018,
25,8,131072,8192,hyprefill,4096/4096/4096,graph,173,23.1156,15.0503,23.1598,23.1156,
25,8,131072,8192,hyprefill,4096/4096/4096,graph,174,22.9163,15.0503,22.9626,22.9163,
25,8,131072,8192,hyprefill,4096/4096/4096,graph,175,23.0079,15.0503,23.0571,23.0079,
25,8,131072,8192,hyprefill,4096/4096/4096,graph,176,22.8393,15.0503,22.8850,22.8393,
25,8,131072,8192,hyprefill,4096/4096/4096,graph,177,22.8941,15.0503,22.9385,22.8941,
25,8,131072,8192,hyprefill,4096/4096/4096,graph,178,22.7018,15.0503,22.7455,22.7018,
25,8,131072,8192,hyprefill,4096/4096/4096,graph,179,22.8804,15.0503,22.9246,22.8804,
25,8,131072,8192,hyprefill,4096/4096/4096,graph,180,22.6536,15.0503,22.6987,22.6536,
25,8,131072,8192,hyprefill,4096/4096/4096,graph,181,22.7294,15.0503,22.7744,22.7294,
25,8,131072,8192,hyprefill,4096/4096/4096,graph,182,22.6078,15.0503,22.6553,22.6078,
25,8,131072,8192,hyprefill,4096/4096/4096,graph,183,22.7288,15.0503,22.7733,22.7288,
25,8,131072,8192,hyprefill,4096/4096/4096,graph,184,22.5266,15.0503,22.5752,22.5266,
25,8,131072,8192,hyprefill,4096/4096/4096,graph,185,22.7597,15.0503,22.8049,22.7597,
25,8,131072,8192,hyprefill,4096/4096/4096,graph,186,22.5919,15.0503,22.6362,22.5919,
25,8,131072,8192,hyprefill,4096/4096/4096,graph,187,22.7543,15.0503,22.7998,22.7543,
25,8,131072,8192,hyprefill,4096/4096/4096,graph,188,22.6067,15.0503,22.6525,22.6067,
25,8,131072,8192,hyprefill,4096/4096/4096,graph,189,22.8595,15.0503,22.9038,22.8595,
25,8,131072,8192,hyprefill,4096/4096/4096,graph,190,22.6887,15.0503,22.7344,22.6887,
25,8,131072,8192,hyprefill,4096/4096/4096,graph,191,22.9145,15.0503,22.9650,22.9145,
25,8,131072,8192,hyprefill,4096/4096/4096,graph,192,22.7660,15.0503,22.8135,22.7660,
25,8,131072,8192,hyprefill,4096/4096/4096,graph,193,23.0183,15.0503,23.0660,23.0183,
25,8,131072,8192,hyprefill,4096/4096/4096,graph,194,22.8353,15.0503,22.8803,22.8353,
25,8,131072,8192,hyprefill,4096/4096/4096,graph,195,23.0858,15.0503,23.1330,23.0858,
25,8,131072,8192,hyprefill,4096/4096/4096,graph,196,22.9097,15.0503,22.9549,22.9097,
25,8,131072,8192,hyprefill,4096/4096/4096,graph,197,23.0527,15.0503,23.1040,23.0527,
25,8,131072,8192,hyprefill,4096/4096/4096,graph,198,22.9113,15.0503,22.9607,22.9113,
25,8,131072,8192,hyprefill,4096/4096/4096,graph,199,22.9436,15.0503,22.9883,22.9436,
25,8,131072,8192,hyprefill,1536/1536/1536,graph,0,23.2475,15.1140,23.2938,23.2475,
25,8,131072,8192,hyprefill,1536/1536/1536,graph,1,23.4312,15.6632,23.4771,23.4312,
25,8,131072,8192,hyprefill,1536/1536/1536,graph,2,23.3417,16.7297,23.3849,23.3417,
25,8,131072,8192,hyprefill,1536/1536/1536,graph,3,23.7186,15.6632,23.7636,23.7186,
25,8,131072,8192,hyprefill,1536/1536/1536,graph,4,23.5331,15.1140,23.5801,23.5331,
25,8,131072,8192,hyprefill,1536/1536/1536,graph,5,23.3974,15.9378,23.4507,23.3974,
25,8,131072,8192,hyprefill,1536/1536/1536,graph,6,23.5980,16.4551,23.6447,23.5980,
25,8,131072,8192,hyprefill,1536/1536/1536,graph,7,23.5847,16.2124,23.6330,23.5847,
25,8,131072,8192,hyprefill,1536/1536/1536,graph,8,23.0135,14.8394,23.0617,23.0135,
25,8,131072,8192,hyprefill,1536/1536/1536,graph,9,23.7834,15.3886,23.8283,23.7834,
25,8,131072,8192,hyprefill,1536/1536/1536,graph,10,23.0323,16.7297,23.0759,23.0323,
25,8,131072,8192,hyprefill,1536/1536/1536,graph,11,23.8603,15.6632,23.9065,23.8603,
25,8,131072,8192,hyprefill,1536/1536/1536,graph,12,23.5182,15.6632,23.5641,23.5182,
25,8,131072,8192,hyprefill,1536/1536/1536,graph,13,23.0158,16.4551,23.0604,23.0158,
25,8,131072,8192,hyprefill,1536/1536/1536,graph,14,22.5592,17.0043,22.6039,22.5592,
25,8,131072,8192,hyprefill,1536/1536/1536,graph,15,23.0822,16.4551,23.1294,23.0822,
25,8,131072,8192,hyprefill,1536/1536/1536,graph,16,23.4286,15.6632,23.4753,23.4286,
25,8,131072,8192,hyprefill,1536/1536/1536,graph,17,23.6487,15.1140,23.7032,23.6487,
25,8,131072,8192,hyprefill,1536/1536/1536,graph,18,23.3008,15.3886,23.3470,23.3008,
25,8,131072,8192,hyprefill,1536/1536/1536,graph,19,23.6100,15.1140,23.6562,23.6100,
25,8,131072,8192,hyprefill,1536/1536/1536,graph,20,23.3859,16.2124,23.4324,23.3859,
25,8,131072,8192,hyprefill,1536/1536/1536,graph,21,23.7657,15.6632,23.8112,23.7657,
25,8,131072,8192,hyprefill,1536/1536/1536,graph,22,23.4327,15.9378,23.4792,23.4327,
25,8,131072,8192,hyprefill,1536/1536/1536,graph,23,22.7985,16.1805,22.8482,22.7985,
25,8,131072,8192,hyprefill,1536/1536/1536,graph,24,22.5254,16.7297,22.5710,22.5254,
25,8,131072,8192,hyprefill,1536/1536/1536,graph,25,24.0145,15.3886,24.0639,24.0145,
25,8,131072,8192,hyprefill,1536/1536/1536,graph,26,23.7776,15.6632,23.8236,23.7776,
25,8,131072,8192,hyprefill,1536/1536/1536,graph,27,23.8654,15.3886,23.9105,23.8654,
25,8,131072,8192,hyprefill,1536/1536/1536,graph,28,23.7529,15.6632,23.7993,23.7529,
25,8,131072,8192,hyprefill,1536/1536/1536,graph,29,23.5268,15.3886,23.5730,23.5268,
25,8,131072,8192,hyprefill,1536/1536/1536,graph,30,22.9450,16.4551,22.9898,22.9450,
25,8,131072,8192,hyprefill,1536/1536/1536,graph,31,22.5110,16.7297,22.5550,22.5110,
25,8,131072,8192,hyprefill,1536/1536/1536,graph,32,23.2476,16.7297,23.2926,23.2476,
25,8,131072,8192,hyprefill,1536/1536/1536,graph,33,23.7364,15.9378,23.7849,23.7364,
25,8,131072,8192,hyprefill,1536/1536/1536,graph,34,23.7621,15.3886,23.8096,23.7621,
25,8,131072,8192,hyprefill,1536/1536/1536,graph,35,23.6883,15.9378,23.7357,23.6883,
25,8,131072,8192,hyprefill,1536/1536/1536,graph,36,23.9060,15.1140,23.9533,23.9060,
25,8,131072,8192,hyprefill,1536/1536/1536,graph,37,23.1824,15.6632,23.2308,23.1824,
25,8,131072,8192,hyprefill,1536/1536/1536,graph,38,23.7831,15.6632,23.8303,23.7831,
25,8,131072,8192,hyprefill,1536/1536/1536,graph,39,22.4942,16.1805,22.5388,22.4942,
25,8,131072,8192,hyprefill,1536/1536/1536,graph,40,23.7642,15.3886,23.8185,23.7642,
25,8,131072,8192,hyprefill,1536/1536/1536,graph,41,23.9104,16.2124,23.9601,23.9104,
25,8,131072,8192,hyprefill,1536/1536/1536,graph,42,22.7837,16.1805,22.8269,22.7837,
25,8,131072,8192,hyprefill,1536/1536/1536,graph,43,23.8377,15.6632,23.8847,23.8377,
25,8,131072,8192,hyprefill,1536/1536/1536,graph,44,23.8562,15.6632,23.9043,23.8562,
25,8,131072,8192,hyprefill,1536/1536/1536,graph,45,23.6275,15.3886,23.6754,23.6275,
25,8,131072,8192,hyprefill,1536/1536/1536,graph,46,23.5540,15.6632,23.6001,23.5540,
25,8,131072,8192,hyprefill,1536/1536/1536,graph,47,23.6297,15.1140,23.6765,23.6297,
25,8,131072,8192,hyprefill,1536/1536/1536,graph,48,24.0954,16.4869,24.1427,24.0954,
25,8,131072,8192,hyprefill,1536/1536/1536,graph,49,21.8940,15.6314,21.9373,21.8940,
25,8,131072,8192,hyprefill,1536/1536/1536,graph,50,23.4690,15.9378,23.5145,23.4690,
25,8,131072,8192,hyprefill,1536/1536/1536,graph,51,23.6148,15.3886,23.6589,23.6148,
25,8,131072,8192,hyprefill,1536/1536/1536,graph,52,24.1969,16.4869,24.2436,24.1969,
25,8,131072,8192,hyprefill,1536/1536/1536,graph,53,22.3118,15.6314,22.3559,22.3118,
25,8,131072,8192,hyprefill,1536/1536/1536,graph,54,23.6163,16.2124,23.6639,23.6163,
25,8,131072,8192,hyprefill,1536/1536/1536,graph,55,24.0439,15.1140,24.0910,24.0439,
25,8,131072,8192,hyprefill,1536/1536/1536,graph,56,23.9591,15.9378,24.0052,23.9591,
25,8,131072,8192,hyprefill,1536/1536/1536,graph,57,23.8991,15.6632,23.9476,23.8991,
25,8,131072,8192,hyprefill,1536/1536/1536,graph,58,23.7459,15.6632,23.7925,23.7459,
25,8,131072,8192,hyprefill,1536/1536/1536,graph,59,23.7670,15.3886,23.8120,23.7670,
25,8,131072,8192,hyprefill,1536/1536/1536,graph,60,23.6936,15.6632,23.7414,23.6936,
25,8,131072,8192,hyprefill,1536/1536/1536,graph,61,23.7067,15.1140,23.7539,23.7067,
25,8,131072,8192,hyprefill,1536/1536/1536,graph,62,23.6948,15.6632,23.7396,23.6948,
25,8,131072,8192,hyprefill,1536/1536/1536,graph,63,23.5611,15.1140,23.6046,23.5611,
25,8,131072,8192,hyprefill,1536/1536/1536,graph,64,23.6980,16.2124,23.7478,23.6980,
25,8,131072,8192,hyprefill,1536/1536/1536,graph,65,23.7615,15.3886,23.8076,23.7615,
25,8,131072,8192,hyprefill,1536/1536/1536,graph,66,21.5397,15.6314,21.5845,21.5397,
25,8,131072,8192,hyprefill,1536/1536/1536,graph,67,23.5186,15.9378,23.5772,23.5186,
25,8,131072,8192,hyprefill,1536/1536/1536,graph,68,21.9337,15.6314,21.9836,21.9337,
25,8,131072,8192,hyprefill,1536/1536/1536,graph,69,21.4699,16.4551,21.5199,21.4699,
25,8,131072,8192,hyprefill,1536/1536/1536,graph,70,23.5009,14.8394,23.5497,23.5009,
25,8,131072,8192,hyprefill,1536/1536/1536,graph,71,23.4442,15.9378,23.4925,23.4442,
25,8,131072,8192,hyprefill,1536/1536/1536,graph,72,21.3113,15.6314,21.3580,21.3113,
25,8,131072,8192,hyprefill,1536/1536/1536,graph,73,23.3279,15.6632,23.3792,23.3279,
25,8,131072,8192,hyprefill,1536/1536/1536,graph,74,23.6371,15.3886,23.6873,23.6371,
25,8,131072,8192,hyprefill,1536/1536/1536,graph,75,23.7671,15.9378,23.8128,23.7671,
25,8,131072,8192,hyprefill,1536/1536/1536,graph,76,21.7144,15.9059,21.7579,21.7144,
25,8,131072,8192,hyprefill,1536/1536/1536,graph,77,23.8784,15.9378,23.9336,23.8784,
25,8,131072,8192,hyprefill,1536/1536/1536,graph,78,23.4197,15.3886,23.4684,23.4197,
25,8,131072,8192,hyprefill,1536/1536/1536,graph,79,23.5567,15.6632,23.6018,23.5567,
25,8,131072,8192,hyprefill,1536/1536/1536,graph,80,21.8141,16.1805,21.8603,21.8141,
25,8,131072,8192,hyprefill,1536/1536/1536,graph,81,23.6397,15.9378,23.6850,23.6397,
25,8,131072,8192,hyprefill,1536/1536/1536,graph,82,23.2069,15.1140,23.2515,23.2069,
25,8,131072,8192,hyprefill,1536/1536/1536,graph,83,23.6838,15.6632,23.7303,23.6838,
25,8,131072,8192,hyprefill,1536/1536/1536,graph,84,22.0040,15.9059,22.0471,22.0040,
25,8,131072,8192,hyprefill,1536/1536/1536,graph,85,22.0928,16.7297,22.1376,22.0928,
25,8,131072,8192,hyprefill,1536/1536/1536,graph,86,22.1125,16.1805,22.1557,22.1125,
25,8,131072,8192,hyprefill,1536/1536/1536,graph,87,23.9093,15.9378,23.9544,23.9093,
25,8,131072,8192,hyprefill,1536/1536/1536,graph,88,23.8866,15.1140,23.9325,23.8866,
25,8,131072,8192,hyprefill,1536/1536/1536,graph,89,23.7101,15.6632,23.7552,23.7101,
25,8,131072,8192,hyprefill,1536/1536/1536,graph,90,21.7965,16.1805,21.8425,21.7965,
25,8,131072,8192,hyprefill,1536/1536/1536,graph,91,23.4343,15.9378,23.4807,23.4343,
25,8,131072,8192,hyprefill,1536/1536/1536,graph,92,22.2232,15.6314,22.2673,22.2232,
25,8,131072,8192,hyprefill,1536/1536/1536,graph,93,21.8895,16.7297,21.9346,21.8895,
25,8,131072,8192,hyprefill,1536/1536/1536,graph,94,23.8091,15.3886,23.8554,23.8091,
25,8,131072,8192,hyprefill,1536/1536/1536,graph,95,24.0317,15.9378,24.0746,24.0317,
25,8,131072,8192,hyprefill,1536/1536/1536,graph,96,23.6051,15.1140,23.6506,23.6051,
25,8,131072,8192,hyprefill,1536/1536/1536,graph,97,23.3357,15.3886,23.3795,23.3357,
25,8,131072,8192,hyprefill,1536/1536/1536,graph,98,23.5363,15.3886,23.5834,23.5363,
25,8,131072,8192,hyprefill,1536/1536/1536,graph,99,23.2556,15.3886,23.3003,23.2556,
25,8,131072,8192,hyprefill,1536/1536/1536,graph,100,21.8042,16.1805,21.8478,21.8042,
25,8,131072,8192,hyprefill,1536/1536/1536,graph,101,22.4020,16.7297,22.4468,22.4020,
25,8,131072,8192,hyprefill,1536/1536/1536,graph,102,23.8894,15.6632,23.9353,23.8894,
25,8,131072,8192,hyprefill,1536/1536/1536,graph,103,23.5385,15.6632,23.5829,23.5385,
25,8,131072,8192,hyprefill,1536/1536/1536,graph,104,23.6546,15.3886,23.7017,23.6546,
25,8,131072,8192,hyprefill,1536/1536/1536,graph,105,23.0604,15.3886,23.1100,23.0604,
25,8,131072,8192,hyprefill,1536/1536/1536,graph,106,23.1327,16.1805,23.1838,23.1327,
25,8,131072,8192,hyprefill,1536/1536/1536,graph,107,23.3514,15.3886,23.3961,23.3514,
25,8,131072,8192,hyprefill,1536/1536/1536,graph,108,23.8418,15.9378,23.8933,23.8418,
25,8,131072,8192,hyprefill,1536/1536/1536,graph,109,22.9011,16.7297,22.9455,22.9011,
25,8,131072,8192,hyprefill,1536/1536/1536,graph,110,23.0884,16.7297,23.1329,23.0884,
25,8,131072,8192,hyprefill,1536/1536/1536,graph,111,23.6486,15.6632,23.6946,23.6486,
25,8,131072,8192,hyprefill,1536/1536/1536,graph,112,23.6575,15.6632,23.7068,23.6575,
25,8,131072,8192,hyprefill,1536/1536/1536,graph,113,23.2916,15.1140,23.3382,23.2916,
25,8,131072,8192,hyprefill,1536/1536/1536,graph,114,23.8099,15.9378,23.8562,23.8099,
25,8,131072,8192,hyprefill,1536/1536/1536,graph,115,23.5441,15.1140,23.5896,23.5441,
25,8,131072,8192,hyprefill,1536/1536/1536,graph,116,23.7160,15.9378,23.7633,23.7160,
25,8,131072,8192,hyprefill,1536/1536/1536,graph,117,22.7038,16.1805,22.7472,22.7038,
25,8,131072,8192,hyprefill,1536/1536/1536,graph,118,23.2556,17.0043,23.2993,23.2556,
25,8,131072,8192,hyprefill,1536/1536/1536,graph,119,23.0967,16.4551,23.1452,23.0967,
25,8,131072,8192,hyprefill,1536/1536/1536,graph,120,23.9433,15.9378,23.9895,23.9433,
25,8,131072,8192,hyprefill,1536/1536/1536,graph,121,23.7881,15.3886,23.8335,23.7881,
25,8,131072,8192,hyprefill,1536/1536/1536,graph,122,23.8385,15.6632,23.8883,23.8385,
25,8,131072,8192,hyprefill,1536/1536/1536,graph,123,23.8254,15.3886,23.8742,23.8254,
25,8,131072,8192,hyprefill,1536/1536/1536,graph,124,23.4738,15.3886,23.5212,23.4738,
25,8,131072,8192,hyprefill,1536/1536/1536,graph,125,23.6377,15.6632,23.6848,23.6377,
25,8,131072,8192,hyprefill,1536/1536/1536,graph,126,22.4575,15.9059,22.5022,22.4575,
25,8,131072,8192,hyprefill,1536/1536/1536,graph,127,23.7693,15.9378,23.8154,23.7693,
25,8,131072,8192,hyprefill,1536/1536/1536,graph,128,22.5403,16.4551,22.5844,22.5403,
25,8,131072,8192,hyprefill,1536/1536/1536,graph,129,23.9631,15.9378,24.0104,23.9631,
25,8,131072,8192,hyprefill,1536/1536/1536,graph,130,23.6945,15.3886,23.7385,23.6945,
25,8,131072,8192,hyprefill,1536/1536/1536,graph,131,23.6832,15.6632,23.7338,23.6832,
25,8,131072,8192,hyprefill,1536/1536/1536,graph,132,23.5811,15.3886,23.6268,23.5811,
25,8,131072,8192,hyprefill,1536/1536/1536,graph,133,23.9481,15.3886,23.9949,23.9481,
25,8,131072,8192,hyprefill,1536/1536/1536,graph,134,22.1742,16.7297,22.2200,22.1742,
25,8,131072,8192,hyprefill,1536/1536/1536,graph,135,22.9419,16.4551,22.9850,22.9419,
25,8,131072,8192,hyprefill,1536/1536/1536,graph,136,23.6068,15.6632,23.6539,23.6068,
25,8,131072,8192,hyprefill,1536/1536/1536,graph,137,23.7834,15.6632,23.8298,23.7834,
25,8,131072,8192,hyprefill,1536/1536/1536,graph,138,23.3835,15.6632,23.4293,23.3835,
25,8,131072,8192,hyprefill,1536/1536/1536,graph,139,24.2335,15.3886,24.2835,24.2335,
25,8,131072,8192,hyprefill,1536/1536/1536,graph,140,23.3590,15.6632,23.4056,23.3590,
25,8,131072,8192,hyprefill,1536/1536/1536,graph,141,24.0328,15.1140,24.0761,24.0328,
25,8,131072,8192,hyprefill,1536/1536/1536,graph,142,21.4263,16.4551,21.4711,21.4263,
25,8,131072,8192,hyprefill,1536/1536/1536,graph,143,22.2107,16.4551,22.2549,22.2107,
25,8,131072,8192,hyprefill,1536/1536/1536,graph,144,23.3825,15.3886,23.4267,23.3825,
25,8,131072,8192,hyprefill,1536/1536/1536,graph,145,24.1766,15.9378,24.2224,24.1766,
25,8,131072,8192,hyprefill,1536/1536/1536,graph,146,23.1326,15.6632,23.1785,23.1326,
25,8,131072,8192,hyprefill,1536/1536/1536,graph,147,24.0076,15.6632,24.0521,24.0076,
25,8,131072,8192,hyprefill,1536/1536/1536,graph,148,23.7516,15.6632,23.7954,23.7516,
25,8,131072,8192,hyprefill,1536/1536/1536,graph,149,23.9939,15.1140,24.0381,23.9939,
25,8,131072,8192,hyprefill,1536/1536/1536,graph,150,23.6098,15.9378,23.6548,23.6098,
25,8,131072,8192,hyprefill,1536/1536/1536,graph,151,23.6828,15.3886,23.7276,23.6828,
25,8,131072,8192,hyprefill,1536/1536/1536,graph,152,23.9316,15.9378,23.9764,23.9316,
25,8,131072,8192,hyprefill,1536/1536/1536,graph,153,23.7631,15.1140,23.8090,23.7631,
25,8,131072,8192,hyprefill,1536/1536/1536,graph,154,23.7606,15.6632,23.8045,23.7606,
25,8,131072,8192,hyprefill,1536/1536/1536,graph,155,24.0971,15.6632,24.1415,24.0971,
25,8,131072,8192,hyprefill,1536/1536/1536,graph,156,23.8447,15.9378,23.8877,23.8447,
25,8,131072,8192,hyprefill,1536/1536/1536,graph,157,23.4104,15.1140,23.4557,23.4104,
25,8,131072,8192,hyprefill,1536/1536/1536,graph,158,23.5700,15.9378,23.6139,23.5700,
25,8,131072,8192,hyprefill,1536/1536/1536,graph,159,22.2028,15.6314,22.2461,22.2028,
25,8,131072,8192,hyprefill,1536/1536/1536,graph,160,21.5933,16.7297,21.6381,21.5933,
25,8,131072,8192,hyprefill,1536/1536/1536,graph,161,22.4563,15.9059,22.4992,22.4563,
25,8,131072,8192,hyprefill,1536/1536/1536,graph,162,23.8665,16.2124,23.9110,23.8665,
25,8,131072,8192,hyprefill,1536/1536/1536,graph,163,23.3635,15.1140,23.4086,23.3635,
25,8,131072,8192,hyprefill,1536/1536/1536,graph,164,23.8592,15.6632,23.9112,23.8592,
25,8,131072,8192,hyprefill,1536/1536/1536,graph,165,23.4488,15.3886,23.4962,23.4488,
25,8,131072,8192,hyprefill,1536/1536/1536,graph,166,23.5232,15.3886,23.5678,23.5232,
25,8,131072,8192,hyprefill,1536/1536/1536,graph,167,23.3130,15.3886,23.3588,23.3130,
25,8,131072,8192,hyprefill,1536/1536/1536,graph,168,23.5120,15.3886,23.5557,23.5120,
25,8,131072,8192,hyprefill,1536/1536/1536,graph,169,21.3880,16.4551,21.4334,21.3880,
25,8,131072,8192,hyprefill,1536/1536/1536,graph,170,22.1114,15.9059,22.1549,22.1114,
25,8,131072,8192,hyprefill,1536/1536/1536,graph,171,23.5026,15.9378,23.5474,23.5026,
25,8,131072,8192,hyprefill,1536/1536/1536,graph,172,23.8838,15.3886,23.9257,23.8838,
25,8,131072,8192,hyprefill,1536/1536/1536,graph,173,23.4644,15.9378,23.5090,23.4644,
25,8,131072,8192,hyprefill,1536/1536/1536,graph,174,23.3377,15.1140,23.3834,23.3377,
25,8,131072,8192,hyprefill,1536/1536/1536,graph,175,23.4547,15.6632,23.5007,23.4547,
25,8,131072,8192,hyprefill,1536/1536/1536,graph,176,22.4448,15.9059,22.4875,22.4448,
25,8,131072,8192,hyprefill,1536/1536/1536,graph,177,21.9039,17.0043,21.9492,21.9039,
25,8,131072,8192,hyprefill,1536/1536/1536,graph,178,23.7906,15.3886,23.8355,23.7906,
25,8,131072,8192,hyprefill,1536/1536/1536,graph,179,23.5563,15.6632,23.6017,23.5563,
25,8,131072,8192,hyprefill,1536/1536/1536,graph,180,22.8183,16.4551,22.8616,22.8183,
25,8,131072,8192,hyprefill,1536/1536/1536,graph,181,23.4058,15.3886,23.4511,23.4058,
25,8,131072,8192,hyprefill,1536/1536/1536,graph,182,23.6362,15.6632,23.6832,23.6362,
25,8,131072,8192,hyprefill,1536/1536/1536,graph,183,23.0433,15.3886,23.0901,23.0433,
25,8,131072,8192,hyprefill,1536/1536/1536,graph,184,23.7053,15.6632,23.7531,23.7053,
25,8,131072,8192,hyprefill,1536/1536/1536,graph,185,22.9939,16.4551,23.0388,22.9939,
25,8,131072,8192,hyprefill,1536/1536/1536,graph,186,23.9147,15.6632,23.9657,23.9147,
25,8,131072,8192,hyprefill,1536/1536/1536,graph,187,23.6322,15.3886,23.6804,23.6322,
25,8,131072,8192,hyprefill,1536/1536/1536,graph,188,23.9966,16.2124,24.0449,23.9966,
25,8,131072,8192,hyprefill,1536/1536/1536,graph,189,23.7945,15.6632,23.8415,23.7945,
25,8,131072,8192,hyprefill,1536/1536/1536,graph,190,22.3618,15.9059,22.4058,22.3618,
25,8,131072,8192,hyprefill,1536/1536/1536,graph,191,23.3411,15.3886,23.3886,23.3411,
25,8,131072,8192,hyprefill,1536/1536/1536,graph,192,23.3236,15.3886,23.3689,23.3236,
25,8,131072,8192,hyprefill,1536/1536/1536,graph,193,22.5108,17.0043,22.5587,22.5108,
25,8,131072,8192,hyprefill,1536/1536/1536,graph,194,24.0367,15.3886,24.0807,24.0367,
25,8,131072,8192,hyprefill,1536/1536/1536,graph,195,23.4472,15.6632,23.4929,23.4472,
25,8,131072,8192,hyprefill,1536/1536/1536,graph,196,22.7934,16.4551,22.8378,22.7934,
25,8,131072,8192,hyprefill,1536/1536/1536,graph,197,23.9562,15.6632,24.0006,23.9562,
25,8,131072,8192,hyprefill,1536/1536/1536,graph,198,23.6108,15.6632,23.6578,23.6108,
25,8,131072,8192,hyprefill,1536/1536/1536,graph,199,23.5481,15.3886,23.5939,23.5481,
